36101,196760,4
479203,196805,5
343426,196805,5
11281,196805,4
547301,215410,5
379776,215700,3
431727,219409,4
431727,219409,4
887953,220168,3
423002,220168,1
8413,220509,4
241519,221158,4
310624,222757,5
297302,222757,4
304361,222757,5
301400,222757,5
297301,222757,5
284010,222757,5
283185,222757,5
280244,222757,5
223149,223605,4
222645,223605,4
539628,223739,4
222121,223917,4
253761,223926,3
580786,223945,4
222753,223945,4
223159,224067,4
582724,224130,5
221744,224487,5
275056,224988,5
221661,225268,4
223836,225358,4
222642,226304,4
222417,226744,3
221755,226938,4
222113,226971,5
221744,227255,4
223159,227258,4
223836,227276,4
222450,227280,4
222687,227308,4
223030,227425,5
16963,229385,5
217372,229411,3
274606,230465,5
550213,230757,5
585700,230758,5
552310,235924,4
378730,235924,4
272843,236102,4
408303,238005,5
264906,238932,4
505315,239264,5
430029,239264,4
404959,239264,5
339406,240693,5
237939,241020,5
605614,241963,4
553059,241963,5
409938,241963,4
353080,241963,4
247615,241963,5
560582,243085,3
450753,243085,4
339823,243085,4
19062,243667,4
6272,243764,5
19062,245864,4
638611,247155,4
382413,248810,4
36101,250275,5
593674,252049,3
612352,252795,4
680224,254729,4
450753,254729,4
381731,254735,4
284199,255357,3
389151,257299,4
228935,259733,4
260765,259733,4
259745,259733,4
913760,261217,4
901414,261217,5
888126,261217,5
775245,261217,4
854117,261217,3
849058,261217,4
36791,261217,5
832965,261217,5
832721,261217,5
732715,261217,4
734439,261217,4
686256,261217,5
684033,261217,4
410745,261217,5
248734,261217,4
474464,261217,5
578769,261217,5
527004,261217,4
495363,261217,4
397286,261217,5
25942,261217,4
16963,261517,4
16963,261663,5
16963,261757,5
697075,264688,4
18869,264688,5
612374,264688,4
518037,266108,4
449989,267675,5
701046,268722,5
19062,268729,4
299637,269001,4
15410,271482,5
336070,271482,4
36101,271482,5
271319,271482,5
270407,271506,4
270407,271706,5
270407,272256,5
8390,272256,4
277374,272258,4
270407,272258,3
8390,272266,5
271421,272266,5
271443,272273,5
270407,272273,5
271319,272352,5
697075,272355,4
16963,272355,5
9620,272712,1
8390,272712,4
8390,272715,5
270407,272715,4
800730,273128,5
8390,273282,5
432315,273972,4
297301,273972,3
301400,273972,3
378373,274009,5
20295,275866,3
272402,276268,5
248734,280373,4
32930,280373,5
356807,281072,3
281067,281072,5
302405,284250,1
569385,284357,3
20295,285153,3
20295,285158,3
560582,288402,4
27802,288822,4
32930,290372,4
18869,291270,3
689331,291440,4
310624,291570,4
20295,292251,4
638049,292358,3
734272,292507,5
504741,294104,5
427665,294132,4
399617,294132,4
449989,294132,5
27956,294807,4
620790,294932,4
788101,296031,3
346481,296426,4
32930,296426,5
32930,296430,5
260782,296871,5
32930,297479,3
32930,298280,5
539628,302357,5
422547,303977,4
510867,304047,4
219906,304047,5
32930,305299,5
514395,305314,4
774080,311978,5
9454,312047,5
324709,317279,5
318951,317279,5
32930,317306,4
569385,324857,4
32930,326003,5
36101,326005,5
32930,326005,5
337765,326323,4
442543,332899,5
36101,332899,5
267309,332899,4
707328,334694,4
19062,334942,5
585700,335427,5
336573,336090,5
335971,336090,4
289952,336090,4
335968,336090,3
15410,336090,5
334956,336090,4
237814,336090,4
299143,336090,4
336070,336669,4
237814,336669,5
299143,336669,4
702315,338186,4
558138,338186,5
442543,338186,4
609390,340192,4
352309,352327,4
32930,352367,5
692648,353806,5
690862,353806,4
701117,353806,4
684033,353806,4
397286,353806,5
20171,353806,5
701046,360180,4
679102,360180,5
263075,360764,4
713360,361897,4
407594,361897,4
702315,362393,4
612362,364540,4
371511,371517,3
363292,373129,4
32930,375651,5
405288,378238,4
368949,382320,5
699659,384148,5
637981,384807,4
476826,385765,2
248734,386724,3
829002,386936,4
612380,387480,4
518037,393261,5
758930,401789,4
551934,401789,4
11976,403952,4
403008,403952,4
402333,404149,4
402336,404563,4
402339,404931,5
403354,404931,5
844774,408649,5
402339,409710,5
551909,415518,5
605614,418498,5
9002,421591,5
539360,428145,4
518037,429426,4
845048,430000,5
582085,434084,4
31799,435274,4
533794,435291,5
5597,438081,1
504732,441416,5
606467,442542,5
551909,444525,5
413535,444733,5
514395,474815,5
248449,474829,4
561034,475055,5
18869,481167,3
18869,481352,4
529394,481849,4
476419,481849,5
811401,482993,5
22883,483096,4
697698,488496,5
488094,488496,4
488094,488518,4
491374,500878,5
532184,500878,4
502601,502604,3
710050,511255,4
539236,514046,4
518037,514058,5
518037,514058,5
585080,514794,4
537296,515457,3
550213,522403,3
518070,523419,5
518003,523419,5
512566,523419,5
785125,526006,1
524866,528724,4
767777,530087,4
532204,532826,5
532204,532826,5
271421,533792,5
271421,533983,5
534545,534536,4
533450,537014,5
32930,539803,5
532698,542140,4
32930,544373,4
546373,547974,4
547861,547974,4
402668,554419,4
574245,555076,5
731873,557480,4
568825,557480,4
627702,557827,4
19062,558059,4
514395,558273,4
643666,561037,5
561034,561037,5
32930,562511,4
435344,571174,3
561034,577613,5
701117,578370,4
582774,583918,5
731685,584569,4
641202,589561,3
594334,594365,5
36246,596168,5
639427,596644,5
571978,596644,5
32930,599362,4
561034,602630,5
551578,606822,4
8413,608542,2
812239,608542,3
196147,609682,4
446022,609847,5
446022,609850,5
446022,609854,5
446022,609956,5
196147,610328,4
196147,610332,4
196147,610342,4
196147,610356,4
618897,618180,5
32930,618180,4
618433,619861,5
789072,624101,1
18869,629677,3
688004,634481,5
689798,639296,3
640685,640743,4
649766,650408,5
32930,667536,5
18869,667572,5
9454,669649,4
777867,679881,4
733953,679899,4
697075,681544,5
798943,682562,4
674133,682845,5
673227,682845,5
32930,692591,4
692998,693144,4
687339,705967,4
706340,706764,4
705646,706764,4
704699,706764,5
705310,706764,4
13263,720860,5
13263,720860,5
13263,720864,5
13263,720901,5
13263,720909,5
13263,720914,5
13263,720959,5
13263,720966,5
13263,720969,5
13263,721096,5
13263,721131,5
13263,721225,5
13263,721230,5
13263,721234,5
13263,721236,5
13263,721259,5
13263,721262,5
13263,721270,5
13263,721275,5
13263,721281,5
13263,721288,5
13263,721292,5
13263,721293,5
13263,721299,5
13263,721304,5
13263,721324,5
13263,721327,5
697075,726489,5
651059,735856,5
738711,738712,5
402456,74237,3
31416,74237,4
433495,74241,3
433474,74246,4
21266,74255,3
36344,74258,2
36683,74276,5
23871,74276,5
23869,74276,5
23735,74279,4
17366,74279,1
12338,74279,1
434708,74282,5
22573,74283,5
21266,74283,5
7691,74290,4
11441,74290,4
21266,74290,5
432529,74317,4
21266,74318,3
21266,74319,1
21266,74321,2
21266,74322,2
402456,74323,3
236788,74323,5
32425,74323,5
32113,743342,3
21266,74343,4
21266,74344,3
7913,74357,4
36101,74361,5
35203,74361,4
32983,74369,4
15967,74370,5
26988,74370,5
34796,74370,5
31799,74372,4
31799,74374,4
560515,74393,5
291525,74393,4
707074,74393,4
3659,74393,5
645123,74393,4
425272,74393,4
425283,74393,4
309632,74393,4
35548,74393,4
22334,74393,3
12597,74393,4
21266,74404,4
31790,74404,4
21266,74423,4
21266,74423,3
21266,74434,5
21266,74438,4
21266,74438,3
432950,74441,4
34954,74441,5
21266,74449,4
21266,74451,4
21266,74461,4
437618,74462,3
21266,74465,4
21266,74469,4
21266,74470,3
32983,74473,3
32983,74484,4
21266,74495,5
34796,74507,5
32425,74509,5
21266,74527,4
21266,74528,4
21266,74529,4
21266,74530,3
21266,74532,4
21266,74532,2
21266,74533,3
21266,74536,3
21266,74539,3
21266,74540,3
21266,74541,3
21266,74542,3
21266,74544,2
21266,74545,3
21266,74546,3
21266,74550,3
21266,74551,3
21266,74552,3
433265,74563,4
21266,74564,3
21266,74565,4
21266,74566,3
21266,74568,2
21266,74568,1
21266,74569,2
21266,74570,2
21266,74571,2
21266,74572,2
21266,74588,3
21266,74588,3
21266,74592,1
432961,74596,4
23381,74596,5
18930,74596,4
22571,74596,4
22571,74596,5
26070,74596,5
37855,74596,4
36513,74596,4
21092,74596,5
12187,74596,4
31213,74596,3
21266,74596,4
21266,74598,4
21266,74598,4
7691,74600,4
21266,74600,5
21266,74602,3
21266,74610,4
21266,74612,4
21266,74614,5
21266,74616,4
21266,74618,3
21266,74621,4
21266,74622,2
21266,74624,4
21266,74625,3
21266,74626,3
21266,74627,3
28625,74628,4
21266,74629,3
33340,74636,4
32983,74637,3
811257,74645,3
23871,74645,3
21266,74663,3
431841,74668,4
37476,74668,4
8561,74668,3
3334,74668,3
6646,74668,3
440078,74702,3
550213,747103,4
550213,747149,4
21266,74718,3
34079,74720,4
21266,74720,5
21266,74722,5
21266,74726,4
10004,747523,5
432594,74754,4
280407,74754,3
6360,74782,1
21266,74792,3
14517,74831,5
6646,74870,3
38783,748883,4
38783,748889,5
21266,74895,5
30369,74909,3
21092,74940,3
21266,74940,3
21266,74944,2
21266,74957,4
21266,74998,2
21266,75003,5
21266,75003,4
21266,75007,3
21266,75007,1
728971,750096,4
726857,750096,4
727810,750096,4
728687,750096,4
728706,750096,4
405279,75011,4
29165,75011,3
37538,75011,5
33208,75011,5
508732,750211,4
432100,75023,3
405281,75023,4
404368,75023,5
405275,75023,4
405182,75023,4
405191,75023,5
379768,75023,5
379828,75023,5
379666,75023,4
379666,75023,4
350759,75023,4
348198,75023,3
310443,75023,4
304196,75023,5
283939,75023,4
282197,75023,4
282734,75023,3
282526,75023,5
28159,75023,5
3858,75023,4
6230,75023,1
23978,75023,3
7060,75023,4
3921,75023,5
24023,75023,4
30156,75023,3
5805,75023,2
11458,75023,5
7691,75023,3
35760,75023,4
21928,75023,4
9883,75023,4
16978,75023,5
29951,75023,4
37634,75023,4
5805,75023,4
24698,75023,4
7685,75023,4
24709,75023,4
34279,75023,5
34660,75023,4
29194,75023,4
5215,75023,4
26854,75023,2
19283,75023,4
20407,75023,4
33506,75023,5
31416,75027,4
3267,75027,4
21266,75031,3
21266,75031,1
21266,75117,4
19506,75170,5
12262,75170,5
35760,75170,3
30369,75213,4
19990,75216,5
516553,75288,4
20273,75288,5
551320,75345,5
227942,75345,5
582774,75349,5
3190,75353,5
22573,75356,4
34736,75358,5
34736,75358,5
26994,75358,4
38205,75358,5
28640,75361,4
33215,75361,3
5434,75361,4
853386,75367,5
258112,75367,4
22912,75367,5
35935,75367,4
30423,75389,1
9333,75392,5
743004,753961,5
741961,753961,5
479273,75398,5
32930,75398,5
37035,75398,4
252712,75400,5
247154,75403,5
28390,75407,5
27802,75413,3
269325,75414,3
8206,75449,5
4462,75449,4
348285,75453,3
7200,75453,3
26949,75453,4
5208,75453,4
29285,75474,5
6606,75487,5
33315,75487,5
20473,75487,5
551329,75489,5
20273,75498,3
19440,75542,5
33955,75542,4
10542,75542,4
10021,75542,4
10542,75542,3
12305,75542,4
33086,75542,4
27047,75542,5
4352,75542,4
26360,75542,5
3465,75542,5
5929,75555,5
343426,75569,4
7691,75569,5
7691,75585,5
382058,75612,5
20094,75612,5
8403,75612,5
23546,75615,5
23546,75615,4
9047,75615,4
30687,75615,4
28195,75615,4
25123,75615,5
29980,75615,5
707993,75631,5
33054,75631,4
20169,75631,4
5761,75631,5
29980,75631,5
26275,75663,5
37584,75663,4
16408,75663,4
309632,75670,4
19869,75680,4
11628,75708,2
30695,75708,4
27471,75708,3
36716,75708,3
28551,75708,2
36854,75708,3
16654,75708,3
18995,75708,4
432950,75761,3
431162,75761,4
379666,75761,3
34314,75761,3
35616,75761,3
3114,75761,5
30695,75766,3
36854,75766,2
27471,75768,2
30695,75768,2
36854,75768,1
8701,75771,4
17664,75771,3
8210,75775,4
3268,75775,5
14682,75775,4
36490,75777,4
36854,75780,4
11628,75780,4
558184,75783,4
21150,75783,5
36854,75783,4
11628,75783,4
476826,75806,5
228935,75806,5
8389,75839,5
24505,75839,5
20991,75856,2
13533,75869,5
8991,75874,5
12282,75874,4
32930,758783,4
626553,75897,4
354002,75897,5
34537,75897,4
27134,75897,4
6305,75898,4
11075,75898,2
3465,75898,4
493983,75902,3
11075,75904,4
27375,75907,4
9952,75907,5
17324,75907,4
3207,75907,5
10676,75907,5
3613,75910,4
17324,75910,4
20171,759119,4
382476,75914,4
728971,759141,5
726850,759141,3
728907,759141,4
727121,759141,4
728971,759143,4
728907,759143,4
728687,759143,4
6084,75917,4
728971,759271,5
728971,759271,5
728907,759271,4
727121,759271,5
728706,759271,5
728687,759307,5
728706,759307,4
728971,759307,5
726850,759319,4
727121,759319,4
728687,759319,5
728706,759319,3
728907,759337,4
727121,759337,4
728687,759337,5
34565,75938,4
16022,75938,5
18497,75938,5
27423,75938,5
5044,75938,5
12125,75938,5
3218,75938,5
9952,75938,5
11355,75938,5
19637,75941,4
728971,759458,5
726850,759458,4
728907,759458,4
732093,759458,4
727121,759458,3
728687,759458,3
728706,759458,4
17375,75948,5
288601,75950,5
639427,75960,3
16369,75964,5
19336,75964,4
3263,75973,4
34565,75974,5
16022,75974,5
727121,760023,2
728687,760023,3
36936,76007,4
29178,76011,4
558184,76039,4
26470,76039,1
4941,76039,3
14108,76039,5
29178,76039,5
29178,76040,4
11397,76041,2
29178,76041,3
36490,76042,4
21150,76043,4
29178,76043,4
29178,76045,4
215984,76049,4
6272,760513,4
29178,76056,4
33820,76064,4
15556,76077,4
6177,76080,5
283290,76081,5
517872,76114,4
593066,76114,4
33012,76114,3
31015,76114,5
20907,76114,4
38121,76114,4
13828,76114,4
33340,76136,5
800587,76168,5
423318,76168,4
382058,76168,4
349028,76168,5
229704,76168,5
225524,76168,4
225573,76168,4
221809,76168,5
223170,76168,5
222642,76168,5
222417,76168,4
222645,76168,5
222332,76168,4
7691,76183,5
35548,76183,4
772628,762097,5
647305,76212,4
315338,76212,4
7060,76212,4
405669,76213,5
815257,76232,1
3291,76232,5
18869,76232,5
6697,76232,5
20249,76232,5
426161,76238,3
317242,76238,3
348365,76247,5
18409,76247,5
7691,76247,5
11458,76247,5
3859,76247,5
18869,76249,5
30825,76249,5
37932,76258,5
550213,76264,5
28411,76264,5
200097,76268,5
234524,76318,4
20273,76318,3
18869,76319,4
20273,76319,4
423912,76351,5
229332,76364,4
36101,76419,3
7691,76430,4
7805,76442,4
7427,76444,5
21921,76444,5
6588,76444,5
298325,76470,5
4901,76470,5
32425,76480,5
32425,76480,5
32425,76480,5
32425,76480,5
23058,76490,3
288204,76522,5
18051,76557,4
28969,76582,4
37429,76592,5
32930,766029,4
698441,76627,5
23948,76627,5
30162,76629,3
23948,76629,5
9970,76630,5
10712,76633,4
10712,76634,3
34771,76637,4
28969,76637,4
16963,76640,5
23295,76641,4
21403,76643,3
23295,76643,5
36101,76652,4
6855,76652,4
5597,76676,2
32930,766989,4
25642,76716,5
690676,76721,5
379850,76721,4
378373,76721,4
7060,76721,4
21685,76722,4
21685,76722,4
3764,76722,3
4977,76722,4
26065,76722,4
32368,76722,3
3676,76722,5
7691,76722,5
13235,76722,4
19440,767348,4
5597,76742,4
249685,76833,5
425283,76833,5
18869,76843,4
444599,76920,5
248893,76920,5
6606,76923,5
20273,76923,5
21209,76947,5
32425,76957,5
18869,76958,5
18869,76958,3
18869,76958,5
518037,76958,5
500807,76958,5
350858,76958,4
15410,76958,5
34209,76958,4
22909,76958,4
24753,76958,4
36557,76958,4
24763,77002,5
574229,77008,4
21029,77008,4
26949,77008,4
269325,77008,4
23410,77008,4
24414,77008,3
21150,77031,4
6606,77031,4
20273,77031,5
29178,77032,4
29178,77033,4
3267,77043,5
33082,77047,5
316812,77054,5
32425,77070,5
32425,77070,5
31692,77070,4
33082,77070,5
31692,77079,4
9746,77091,3
6927,77091,3
26065,77091,4
8205,77091,5
31416,77092,3
18849,77093,3
32930,77094,5
8699,77109,3
5597,77172,4
33082,77189,5
26019,77218,4
36342,77223,5
31692,77223,4
3267,77225,5
318925,77235,5
36490,77239,4
36342,77253,3
22094,77253,3
20273,77259,2
786808,77279,4
633502,77279,5
531284,77279,5
433231,77279,5
424614,77279,4
424619,77279,3
424619,77279,3
404048,77279,4
404050,77279,4
404596,77279,4
379768,77279,5
379812,77279,5
263380,77279,5
344235,77279,5
344235,77279,5
30282,77296,4
18733,77296,5
38392,77296,5
31347,77296,4
548512,77298,5
317085,77300,4
33809,77307,3
22209,77307,4
6588,77307,4
20907,77323,4
15315,77326,3
15315,77326,5
19032,77326,5
36693,77326,4
24528,77330,4
22209,77330,4
476419,77349,5
36131,77365,5
15315,77367,4
19032,77367,5
33809,77370,4
824872,77371,4
22912,77371,5
220021,77382,4
758930,77397,2
13487,77397,2
3445,77399,5
3445,77399,5
8072,77441,3
29664,77442,4
797443,77446,5
758997,77446,4
19783,77446,4
29664,77448,5
29980,77496,4
5761,77496,4
494136,77501,5
3968,77503,5
21069,77520,4
22331,77522,4
29980,77522,3
18869,77533,4
278188,77533,4
14744,77533,4
234802,77538,5
7691,77656,5
653440,77703,5
215984,77703,5
21150,77703,5
35865,77703,5
243883,77704,1
24414,77713,3
24414,77714,4
37711,77716,3
24414,77716,4
24414,77717,3
17664,77724,3
5814,77727,5
36490,77727,4
405436,77729,4
382475,77729,4
379639,77729,4
26124,77729,5
4961,77729,5
29468,77729,5
25734,77729,3
7111,77729,4
27692,77733,3
37624,77733,5
26470,77736,5
14108,77736,3
20630,77736,5
14108,77751,3
27692,77751,4
274733,77771,4
347739,77771,4
26470,77771,4
29178,77771,5
470488,77772,5
347739,77772,5
222450,77772,4
20319,77772,4
26814,77772,5
21150,77772,4
17279,77772,5
4941,77772,5
29178,77772,4
518037,77781,3
612380,77782,3
18869,77783,4
269325,77790,4
31308,77826,5
6606,77849,5
21150,77850,5
26130,77850,4
26275,77850,4
33287,77862,4
20861,77879,4
19990,77879,4
14108,77897,4
197226,77936,4
17279,77936,5
17664,77975,3
36246,77980,5
29178,78011,4
546384,78013,2
281449,78031,4
281449,78039,4
29980,78066,4
219906,78086,5
3150,78144,5
27559,78151,5
7912,78160,5
19406,78160,5
7691,78160,4
22331,78160,5
3268,78160,4
17279,78160,5
8210,78160,5
549135,78177,4
11397,78177,4
22663,78189,4
16022,78189,3
432305,78195,3
431163,78195,5
405378,78195,4
405290,78195,5
405192,78195,4
405205,78195,4
381627,78195,5
354938,78195,5
348345,78195,4
347563,78195,5
310195,78195,5
7200,78195,3
25925,78195,4
12402,78195,5
6230,78195,4
17311,78195,5
786808,78197,4
405290,78197,4
405205,78197,5
403946,78197,4
22293,78197,5
870073,78198,5
641263,78198,5
431162,78198,3
432305,78198,4
421256,78198,5
408117,78198,5
405636,78198,4
404050,78198,4
405120,78198,5
405205,78198,5
404596,78198,4
404848,78198,3
377808,78198,4
380240,78198,4
379880,78198,3
347904,78198,4
36101,78198,3
310443,78198,4
304486,78198,5
280243,78198,4
283466,78198,4
282734,78198,5
238589,78198,4
28276,78198,4
23846,78198,5
26852,78198,4
27460,78198,4
36241,78198,3
31559,78198,4
19506,78198,4
3858,78198,4
13114,78198,5
23978,78198,4
3351,78198,4
31605,78198,4
12262,78198,5
10325,78198,5
38737,78206,5
3268,78212,4
22331,78214,5
6177,78216,1
29980,78216,2
27692,78216,3
22331,78216,5
3268,78216,2
5044,78236,5
518037,78253,4
864383,78263,4
782040,78263,4
665610,78263,4
449868,78263,4
17279,78304,4
452753,78311,4
17279,78312,4
400423,78315,5
30282,78316,3
317085,78316,5
548512,78334,4
4307,78334,4
22777,78334,5
25771,78334,5
611647,78337,2
33456,78351,4
18869,78373,4
345268,78375,4
36101,78375,4
31830,78379,4
6431,78380,5
337817,78391,4
18869,78437,5
5761,78444,3
36490,78447,4
17470,78449,4
3268,78475,5
5761,78475,4
28195,78476,4
26019,78476,5
5761,78476,4
18869,78489,5
361111,78489,4
18869,78524,5
27692,78570,2
26019,78571,4
27692,78571,4
29980,78590,3
29980,78597,4
23560,78690,4
235446,78714,4
27692,78769,3
198999,78790,4
31101,78790,4
744579,78826,4
631145,78826,4
542795,78848,5
593066,78857,4
377808,78857,5
20907,78857,5
382473,78874,4
17470,78932,5
920517,789667,4
32930,789667,4
6031,79016,5
315630,79032,4
774080,79032,5
551441,79032,4
198642,79032,5
4929,79032,4
197226,79036,5
20273,79036,5
28195,79117,3
27692,79117,4
27692,79118,4
817724,79148,5
408117,79148,5
383600,79148,5
379880,79148,4
21394,79148,4
32721,79148,5
29980,79162,4
724920,79173,3
405635,79173,4
36101,79173,5
297301,79173,4
284010,79173,5
280243,79173,4
280244,79173,5
26885,79173,4
37538,79173,4
27965,79173,4
19520,79173,3
19520,79173,3
19520,79173,3
6894,79173,4
336448,79210,5
431162,79238,2
37538,79238,3
25229,79238,3
27692,79244,3
27692,79245,3
237774,79257,5
19406,79356,5
7691,79356,5
531291,79389,4
611647,79435,3
733404,79440,4
270135,79457,4
368346,794596,5
368346,794596,5
36490,79504,5
17664,79504,4
17664,79505,3
425283,79512,4
511511,79516,3
425283,79516,4
707074,79517,4
249686,79517,3
21394,79517,5
309914,79519,3
309914,79519,3
383600,79519,4
698648,79546,3
785410,79566,4
38861,79705,5
13908,79705,5
518037,79709,4
11243,79709,3
584248,79730,5
38783,79744,4
367322,79777,5
259356,79777,4
504732,79860,4
16558,79860,4
366076,79868,5
36101,79876,4
348883,79880,5
36101,79880,5
518037,79885,3
22912,79992,5
9047,79996,4
9047,79997,4
18869,80033,5
518037,80033,4
522721,80033,4
8425,80064,4
19406,80064,4
518037,80086,5
27919,80086,4
253761,80086,4
493983,80088,3
405304,80100,5
30048,80111,3
32930,801699,5
19406,80173,4
24763,80184,3
276346,80223,4
16963,80235,5
16963,80263,4
21450,80298,5
18768,80351,5
8425,80354,5
33437,80354,4
382474,80362,4
799118,80369,4
404816,80454,5
36241,80454,5
21209,80454,5
404368,80506,4
36101,80508,5
36101,80508,4
10324,80540,5
17664,80589,5
36490,80589,5
33820,80590,5
36490,80590,4
444725,80632,4
12736,80632,5
22777,80632,4
35503,80632,4
407594,80635,5
245854,80673,2
18869,80694,4
37711,80720,4
35172,80720,4
32930,807358,5
36101,80751,5
36490,80774,4
36490,80775,5
641202,80777,4
552699,80777,5
548512,80777,5
317085,80777,4
19798,80790,4
747324,80919,4
8875,80925,4
572308,809868,4
572432,80992,5
260782,80992,4
33731,80992,5
444725,81090,5
14045,81093,3
612347,81127,4
317242,81127,4
16963,81127,5
596020,81138,4
229332,81138,5
11454,81138,5
9078,81138,5
253795,81141,4
689798,81169,4
20295,81200,5
423912,81261,2
881914,81594,4
11281,81594,4
27281,81594,5
24763,81597,3
502193,81599,3
36101,81745,4
36101,81765,5
26542,81811,5
256969,81812,4
19783,81812,4
806363,81883,5
593066,81883,5
505315,81883,5
542249,81883,5
350858,81883,4
344603,81883,4
11686,81926,4
382413,81954,5
887953,82004,4
431080,82017,4
33820,82121,5
17664,82179,4
560691,82255,4
442543,82283,4
36033,82362,5
433265,82416,4
405669,82447,4
379619,82447,5
354938,82447,4
344235,82447,4
914972,82462,4
549565,82462,2
560582,82462,3
339823,82462,3
689798,82526,3
484377,82526,5
378720,82526,3
239407,82526,4
253795,82526,4
17664,82706,4
17664,82707,4
404959,82790,4
403583,82790,4
331044,82793,5
377789,82850,4
215984,82909,5
740171,82936,5
260782,83033,5
253742,83036,4
794621,83040,5
314404,83040,4
258112,83048,4
345080,83145,3
312010,83191,5
244948,83227,5
20861,83227,5
32930,83280,4
702145,83289,4
397580,83289,3
382175,83298,4
6861,83298,5
709545,83345,3
402530,83409,2
997098,83445,5
36101,83445,5
16963,83493,4
32425,83508,5
32425,83508,5
32425,83508,5
32425,83508,5
32425,83508,5
32425,83508,5
32425,83508,5
32425,83508,5
32425,83508,5
32425,83508,5
584011,83524,4
704094,83524,3
294729,83616,5
402293,83646,5
614305,83655,3
612370,83671,4
16963,83685,4
16446,83723,4
8991,83723,4
22959,83723,4
442543,83793,5
36576,83803,5
9553,83814,1
734011,83874,4
518037,83944,4
923958,83978,5
552699,83978,4
277374,84007,3
518037,84044,5
518037,84044,4
382982,84142,4
368406,84148,5
826634,84187,3
254206,84208,5
10004,84208,4
431783,84223,2
431783,84223,2
431783,84223,2
314165,84230,5
696915,84241,4
423002,84264,3
612352,84406,4
7477,84418,3
709811,84467,5
379619,84505,5
348111,84516,5
734011,84617,5
31101,84617,3
887953,84638,4
420279,84655,3
217136,84656,3
217136,84660,3
217136,84661,4
422012,84662,3
19783,84662,3
215476,84662,3
582028,84746,5
9298,84829,4
14290,84830,4
9298,84832,5
7439,84839,5
324971,84841,5
14290,84842,4
6869,84865,4
374556,84873,5
470488,84883,5
34566,84883,5
34566,84884,5
33774,84897,4
33774,84898,3
12981,84900,4
12981,84903,4
29330,84922,3
3131,84953,4
382413,84983,3
36101,85025,5
777922,85293,4
19138,85316,4
36101,85426,4
237647,85430,5
22912,85430,5
36101,85432,3
13739,85432,4
36101,85446,5
36101,85456,3
223182,85472,5
222687,85472,5
222423,85472,4
217136,85568,4
215476,85574,4
240871,85586,5
5763,85685,4
38783,85780,4
408303,86020,3
37816,86024,4
813553,86036,4
707435,86218,4
602556,86260,2
24560,86260,4
481907,86263,5
248734,86288,4
389968,86288,3
253761,86301,4
420279,86502,4
513564,86534,4
18869,86639,4
678285,86654,5
497941,86654,4
312010,86654,4
410313,86755,5
325878,867946,2
518037,86837,5
19062,86870,4
19062,86872,2
282733,86883,4
785471,86987,3
431707,86997,4
36101,86998,5
36101,87027,5
558138,87076,5
309632,87091,4
17556,87095,5
637741,87105,4
325878,87107,3
325878,87108,4
240871,87154,4
325878,87167,3
325878,87169,2
325878,87172,4
325878,87173,4
240871,87188,4
217136,87188,3
215476,87193,3
240535,87257,3
19062,87284,4
240871,87285,5
215476,87285,4
215476,87290,4
215476,87291,4
19062,87497,3
484377,87562,4
27692,87607,4
20169,87624,4
25102,87624,4
18869,87715,4
697698,87715,4
20379,87715,4
11015,87715,4
861458,87716,4
3533,87716,5
7854,87716,4
20984,87716,5
5592,87716,5
25798,87720,5
7691,87744,4
240017,87762,4
21150,87762,5
24786,87762,5
9800,87762,5
4941,87762,5
26275,87762,4
5592,87762,5
408518,87784,5
38403,87784,5
17003,87784,5
383600,87805,5
36832,87807,5
17584,87811,3
238092,87823,4
7505,87823,4
35742,87823,4
7505,87824,5
35742,87824,5
35742,87827,4
24505,87828,4
3613,87842,4
9952,87842,4
10676,87842,4
3207,87842,5
35876,87842,2
34087,87842,4
8807,87842,4
3979,87846,4
697849,87848,5
582774,87848,5
237151,87848,5
18497,87854,5
27423,87854,5
10676,87854,5
4352,87854,5
23325,87854,5
4990,87854,5
20841,87854,5
26718,87854,4
27829,87859,4
11867,87861,3
35742,87874,4
367322,87881,1
3728,87881,5
27423,87886,4
23325,87886,5
21266,87887,1
27423,87890,5
22209,87890,2
23512,87903,4
37992,87903,2
33999,87903,3
3479,87903,4
21266,87903,1
3495,87906,3
34565,87907,5
14050,87907,5
35101,87907,4
19313,87907,5
31050,87907,4
17744,87907,5
7703,87907,5
7703,87907,5
26360,87911,4
7703,87911,5
17324,87913,4
33650,87913,5
34087,87913,5
336990,87915,5
235046,87915,5
17279,87925,4
14108,87925,4
3160,87925,4
38805,87925,5
15379,87925,4
16666,87925,4
7508,87925,4
29207,87925,4
25850,87925,4
29133,87925,4
29133,87925,4
36854,87925,3
28551,87925,4
16654,87925,4
36716,87925,4
18995,87925,5
15995,87925,5
25850,87927,5
29207,87927,3
27471,87927,3
29133,87927,5
36716,87927,3
28551,87927,3
16654,87927,4
15995,87927,4
309636,87935,5
281718,87935,4
23512,87935,4
4804,87935,5
6429,87935,5
25728,87935,5
22109,87935,3
19736,87935,4
19736,87935,4
3613,87936,4
10676,87936,5
3207,87936,5
35876,87936,4
5238,87936,4
19736,87936,5
28975,87936,4
8807,87936,5
3479,87936,4
813553,87939,4
361111,87939,4
14392,87939,4
8254,87939,4
34051,87939,4
28260,87939,5
30765,87939,4
27829,87939,5
19736,87939,4
3479,87939,5
13231,87939,5
529944,87946,5
37035,87946,4
34256,87951,5
7505,87951,4
7505,87951,4
35742,87951,5
37640,87965,3
13297,87965,3
18307,87965,2
23813,87965,4
33907,87965,2
11441,87965,3
7691,87967,4
15352,88003,4
354553,88004,5
36936,88004,5
687113,88017,5
12736,88017,4
26840,88017,4
26840,88017,4
22777,88017,5
38478,88017,5
7691,88017,5
32439,88017,5
10521,88020,5
7691,88020,5
33340,88020,5
743847,88036,5
18869,88036,5
18869,88036,5
18869,88036,5
708266,88036,4
670187,88036,5
18869,88036,5
18869,88036,4
18869,88036,5
18869,88036,5
18869,88036,5
420278,88036,5
500807,88036,5
272771,88036,5
402530,88036,4
292443,88036,4
281718,88036,5
271008,88036,5
271008,88036,5
225546,88036,4
224794,88036,4
197948,88036,4
20497,88036,5
38196,88036,5
38780,88036,5
4773,88036,5
15568,88036,5
34071,88036,5
7427,88036,5
21921,88036,5
33743,88036,5
27483,88036,4
26373,88036,5
272095,88038,4
9463,88038,1
6606,88038,4
27492,88038,4
26671,88038,4
33301,88038,4
17644,88044,3
18483,88046,5
3495,88046,4
36243,88046,5
4401,88046,5
4374,88046,5
9952,88046,5
33609,88051,4
15647,88051,3
7887,88060,5
34565,88060,5
405622,88063,5
698441,88087,4
9326,88092,5
17644,88092,4
5597,88112,4
18869,88136,5
18869,88154,5
18869,88154,4
15563,88162,5
13533,88170,3
13705,88176,5
30873,88178,5
17644,88178,5
502414,88191,4
17644,88191,5
17644,88193,5
17644,88193,5
219906,88197,4
31229,88197,4
32930,88199,5
380691,88217,3
348285,88217,3
297302,88217,5
284020,88217,3
9746,88217,4
4910,88217,4
4910,88217,4
17089,88217,3
5633,88217,4
30163,88217,3
28511,88217,5
316812,88223,4
12541,88223,4
12541,88226,4
36936,88231,5
17375,88240,5
17584,88240,5
659927,88245,5
32930,88262,3
382175,88280,4
23735,88280,5
22486,88289,5
5597,88299,4
368933,88304,5
378206,88304,5
354016,88304,4
223149,88304,4
37368,88304,5
26874,88304,5
26840,88304,5
35484,88304,5
38478,88304,5
24458,88304,5
19336,88304,4
25771,88304,5
23735,88304,5
21266,88324,5
33809,88337,3
7505,88375,3
33809,88381,3
10337,88381,3
13229,88381,5
311341,88390,5
32728,88392,4
38783,88393,5
679102,88402,3
18808,88402,5
238946,88406,4
238946,88406,4
7943,88406,3
14285,88406,3
28685,88406,3
4292,88435,5
18869,88436,5
272771,88436,5
350241,88436,5
237939,88436,5
27464,88436,5
379202,88448,5
18497,88453,5
4167,88453,5
21266,88466,4
253761,88467,5
21266,88491,5
354016,88530,4
354553,88530,5
6441,88530,4
37368,88530,5
26840,88530,5
35503,88530,4
15652,88530,5
36936,88530,5
756893,88545,4
281718,88545,4
17506,88545,4
3263,88545,5
38596,88545,4
9961,88545,4
36814,88545,4
14474,88545,4
4609,88545,5
4374,88545,5
13229,88545,5
504732,88546,2
305463,88565,4
11458,88565,5
9640,88565,5
28799,88576,5
727778,88598,4
32929,88598,4
914972,88600,4
378720,88600,4
743847,88601,3
378720,88601,2
238886,88603,4
23735,88607,4
7691,88610,5
367322,88619,3
16414,88651,4
5208,88651,5
23735,88661,5
7691,88663,5
7691,88678,5
899576,88706,4
796588,88706,4
739328,88706,4
704614,88706,3
704614,88706,3
467542,88706,4
707712,88706,4
707980,88706,4
584251,88706,5
646894,88706,5
614408,88706,4
502414,88706,4
572432,88706,5
560291,88706,5
11397,88706,5
263380,88706,5
261065,88706,5
316812,88706,5
300027,88706,5
292443,88706,5
293958,88706,5
283054,88706,5
35084,88706,5
35084,88706,5
20972,88706,5
4941,88724,3
260782,88725,4
850678,88728,4
18869,88728,4
18869,88728,5
217049,88728,5
10242,88728,5
35528,88728,4
34558,88728,3
32849,88728,5
3160,88728,4
32930,88730,5
551320,88730,5
16357,88740,4
6429,88740,5
11355,88740,5
4390,88740,5
3207,88741,5
26718,88741,3
783146,88796,2
227788,88796,2
5592,88796,4
36243,88844,5
33999,88844,2
36490,88846,4
21074,88846,4
36490,88847,5
36490,88848,4
36490,88853,5
370301,88879,4
4167,88882,4
35101,88882,4
849058,88898,4
11397,88898,4
343426,88898,3
24763,88898,3
26470,88898,4
8556,88898,4
7190,88898,4
17279,88898,4
25979,88898,5
4941,88898,3
14108,88898,5
6606,88898,5
26275,88898,4
36490,88899,3
29178,88904,4
382175,88919,3
32439,88936,3
29555,88941,4
31822,88963,5
247154,88965,2
355090,88965,4
8294,88965,4
27471,88971,4
30695,88971,4
25850,88971,5
29207,88971,4
28551,88971,3
16654,88971,3
18995,88971,4
15995,88971,3
21150,88976,4
7508,88976,4
16408,88976,4
25850,88976,4
29207,88976,4
29133,88976,5
36716,88976,5
28551,88976,5
16654,88976,5
30695,88976,4
15995,88976,5
14726,88976,3
11628,88977,4
29207,88977,4
29133,88977,5
36716,88977,4
15995,88977,3
21150,88979,5
11628,88979,5
27471,88979,4
29207,88979,4
29133,88979,5
25850,88979,5
36716,88979,5
28551,88979,5
16654,88979,5
30695,88979,5
18995,88979,5
33820,88980,2
12118,88980,1
11628,88980,3
25850,88980,2
27471,88980,3
29133,88980,4
36716,88980,3
28551,88980,3
16654,88980,3
30695,88980,3
18995,88980,4
300943,88984,5
38403,88984,5
405275,89008,4
405134,89008,4
379813,89008,4
379786,89008,2
379832,89008,5
379837,89008,4
354938,89008,5
349502,89008,5
348707,89008,4
348369,89008,5
348111,89008,4
348037,89008,4
347379,89008,5
36101,89008,4
310195,89008,5
305463,89008,5
304196,89008,5
36241,89008,3
26852,89008,4
27965,89008,4
10521,89008,5
3170,89008,4
17089,89008,5
3764,89008,5
3241,89008,5
3921,89008,4
24023,89008,5
29468,89008,5
5633,89008,4
30156,89008,2
5805,89008,4
5290,89008,5
30752,89008,4
4977,89008,4
21158,89008,5
31993,89008,5
30163,89008,4
30743,89008,4
33753,89008,5
3191,89008,4
36686,89008,5
3676,89008,4
8561,89008,5
5805,89008,4
3859,89008,5
7685,89008,4
16414,89008,5
34279,89008,5
26854,89008,4
404368,89015,4
612395,89016,4
36490,89053,5
20036,89053,4
36490,89054,3
14108,89060,3
12473,89062,3
20036,89062,3
32930,890620,4
18869,89138,5
518037,89139,3
31050,89140,5
4053,89140,5
9401,89140,4
533450,89142,5
431163,89142,5
405281,89142,5
405324,89142,5
404048,89142,5
405134,89142,5
405191,89142,5
404596,89142,5
379584,89142,5
376929,89142,5
26949,89142,5
310489,89142,4
304196,89142,5
283467,89142,4
283957,89142,4
283466,89142,3
282197,89142,4
36101,89142,5
282734,89142,4
26852,89142,5
27460,89142,4
32904,89142,5
12402,89142,4
23189,89142,5
21685,89142,5
21685,89142,5
3351,89142,5
6206,89142,5
29468,89142,5
26949,89142,5
5290,89142,5
21158,89142,4
3191,89142,5
3191,89142,5
21928,89142,3
21928,89142,3
21928,89142,3
21928,89142,3
29951,89142,5
38525,89142,4
24709,89142,4
7859,89142,4
34925,89150,4
30385,89150,4
12912,89150,4
4990,89150,4
4609,89150,5
37992,89150,4
3479,89150,4
3479,89150,4
4673,89150,5
28975,89150,5
19736,89150,5
13229,89150,5
17319,89150,4
14474,89150,4
18869,89160,4
21266,89176,5
494136,89203,4
378619,89203,5
354622,89203,5
24113,89205,2
13149,89233,5
6588,89233,4
33809,89233,5
16024,89233,3
14474,89233,4
8807,89233,3
26859,89233,5
4673,89233,4
34087,89233,5
19736,89233,5
4374,89244,4
18483,89244,5
7703,89244,5
32357,89249,4
34256,89253,3
354002,89258,4
18869,89262,4
433231,89265,4
405134,89265,4
380691,89265,4
379828,89265,4
349502,89265,5
36101,89265,4
304486,89265,5
283939,89265,4
283957,89265,3
280244,89265,4
28555,89265,3
22293,89265,4
4910,89265,4
27965,89265,3
3170,89265,4
17089,89265,4
21685,89265,5
3858,89265,4
3764,89265,5
3241,89265,4
6927,89265,4
34314,89265,5
24023,89265,5
30156,89265,2
30752,89265,4
7691,89265,3
4977,89265,4
31993,89265,5
30163,89265,4
25734,89265,4
30743,89265,5
7111,89265,5
34279,89265,4
3114,89265,4
22550,89265,5
16414,89265,5
27168,89265,5
6360,89265,3
34660,89265,5
19283,89265,3
28511,89265,5
305463,89266,3
22293,89266,5
26124,89266,5
25925,89266,5
21209,89266,5
21209,89266,5
21209,89266,5
12402,89266,1
17311,89266,4
29076,89266,4
3351,89266,4
31993,89266,5
18051,89266,4
33228,89299,5
550213,89302,4
20426,89302,5
23335,89302,4
14023,89302,5
12282,89302,3
28826,89302,3
13031,89307,4
12024,89311,5
12671,89311,5
4131,89311,4
27167,89317,4
432529,89324,4
431163,89324,5
421256,89324,4
405281,89324,4
404816,89324,4
380691,89324,5
377808,89324,4
377789,89324,5
379786,89324,5
379666,89324,4
379768,89324,5
379635,89324,3
379813,89324,5
379793,89324,4
379850,89324,4
379880,89324,4
379588,89324,4
379639,89324,5
379584,89324,5
354938,89324,5
349502,89324,4
348851,89324,5
348707,89324,3
348198,89324,4
348348,89324,5
348365,89324,5
348369,89324,5
348041,89324,5
347379,89324,5
311400,89324,4
310443,89324,5
297302,89324,5
283467,89324,4
280243,89324,4
282197,89324,4
35128,89324,4
25333,89324,4
4961,89324,4
28555,89324,4
31559,89324,4
25762,89324,4
37538,89324,4
26124,89324,4
25925,89324,4
25229,89324,4
6465,89324,5
19520,89324,4
21685,89324,5
18012,89324,5
7691,89324,3
31867,89324,5
36686,89324,5
35548,89324,5
3214,89324,5
5208,89324,5
10403,89324,5
704652,89380,4
399267,89382,5
21266,89389,4
21266,89464,4
468387,89506,4
708160,89506,3
576620,89527,4
255980,89560,3
309632,89560,2
18051,89632,5
27936,89632,4
3754,89632,5
6360,89632,5
35504,89634,2
35504,89635,4
15620,89667,3
33706,89667,5
21266,89702,3
27483,89729,4
5198,89729,4
5198,89729,5
23325,89729,4
23546,89740,5
23546,89740,5
23546,89740,5
14108,89740,5
15259,89740,5
29555,89740,5
10919,89752,5
25714,89752,1
23325,89752,5
4990,89752,5
36101,89789,4
7691,89789,5
9876,89789,5
9876,89789,5
30274,89789,4
27193,89789,5
5008,89789,4
11876,89789,4
31574,89789,4
36693,89789,4
34051,89789,5
31038,89789,4
3465,89789,5
3374,89789,5
21408,89789,5
6967,89789,5
25714,89789,4
25714,89789,4
9961,89789,4
25714,89811,5
25714,89811,5
25714,89811,3
24063,89811,4
28241,89811,5
9961,89811,3
26718,89816,3
248734,89817,3
24063,89817,4
28260,89817,5
13149,89818,5
23325,89818,4
4990,89818,5
21266,89852,4
21266,89854,3
21266,89873,3
21266,89874,3
21266,89881,4
21266,89882,5
33340,89885,4
33340,89892,4
21266,89898,3
651059,899078,5
405324,89910,5
405341,89910,4
405205,89910,4
404048,89910,4
348285,89910,4
348037,89910,3
13114,89910,5
5290,89910,5
4388,89910,5
37634,89910,5
38525,89910,5
5053,89910,4
17702,89910,5
22550,89910,5
561218,89915,5
518037,89915,4
4908,89915,5
19873,89915,5
403946,89916,5
403583,89916,5
7200,89916,3
38503,89916,5
6894,89916,4
26949,89916,3
26949,89916,3
7691,89916,2
6744,89916,4
26065,89916,5
9883,89916,5
5053,89916,5
16048,89916,5
22550,89916,5
16192,89916,5
19283,89916,4
238589,89921,5
350759,89923,4
35908,89925,5
28799,89925,5
443149,89930,4
11397,89948,5
18869,89949,5
551317,89961,4
11015,89961,4
774080,89999,5
653978,89999,4
21299,90005,4
344235,90041,5
38000,90042,2
37319,90042,4
614325,90049,3
337817,90049,5
221806,90049,5
11397,90049,5
32977,90057,4
9884,90060,5
27058,90063,4
28871,90119,4
18869,90119,4
18869,90121,4
23728,90124,5
26498,90124,5
18869,90151,5
238886,90156,4
32930,90171,4
7666,90171,5
29922,90172,3
21266,90185,3
21266,90188,1
21266,90189,5
21266,90190,4
21266,90192,3
21266,90193,3
21266,90194,4
21266,90196,3
494136,90202,3
21266,90205,4
21266,90207,3
21266,90208,3
21266,90209,4
21266,90210,3
21266,90211,4
21266,90229,5
21266,90229,3
629325,90233,4
33907,90236,5
18307,90236,5
11441,90236,5
13297,90236,5
21266,90236,5
551317,90241,3
21266,90242,2
21266,90242,3
21266,90244,4
21266,90246,2
21266,90248,3
21266,90250,3
21266,90250,2
21266,90252,3
21266,90265,4
21266,90271,4
21266,90274,3
12187,90276,4
22571,90276,4
21266,90276,4
21266,90287,1
21266,90289,4
21266,90290,5
21266,90294,3
21266,90295,1
21266,90298,4
21266,90299,4
21266,90300,4
21266,90301,4
21266,90304,4
21266,90305,4
21266,90306,4
21266,90308,4
21266,90309,4
21266,90310,4
21266,90312,3
21266,90313,4
21266,90314,4
21266,90318,4
21266,90341,3
21266,90343,2
21266,90344,4
21266,90345,4
21266,90346,2
21266,90347,3
21266,90349,3
21266,90351,3
653978,90370,4
474464,90370,5
21266,90371,3
22571,90379,4
21266,90379,3
21266,90382,4
21266,90388,3
21266,90390,3
21266,90391,3
21266,90392,3
21266,90393,5
21266,90394,4
7691,90399,2
21266,90399,4
21266,90403,5
21266,90408,4
21266,90410,4
19607,90411,5
27561,90411,5
18930,90411,4
21266,90411,4
21266,90412,5
21266,90416,3
21266,90423,5
21266,90428,3
21266,90429,4
21266,90432,2
21266,90435,3
21266,90438,3
21266,90439,4
21266,90440,4
7691,90441,4
21266,90441,4
21266,90443,3
21266,90447,4
21266,90449,4
21266,90457,4
21266,90458,5
21266,90459,4
21266,90460,4
21266,90464,3
21266,90466,3
21266,90467,3
21266,90469,3
21266,90472,3
21266,90473,1
21266,90477,3
21266,90478,4
21266,90480,3
21266,90481,3
21266,90483,3
253761,90484,4
21266,90484,5
10004,90490,4
21266,90514,2
354622,90527,5
309826,90527,5
21266,90527,5
21266,90529,4
21266,90531,4
8288,90537,4
21266,90540,4
21266,90543,3
21266,90544,4
21266,90549,5
21266,90550,4
21266,90551,5
13297,90552,5
21266,90552,5
21266,90553,3
21266,90554,5
21266,90556,4
21266,90560,5
260384,90561,4
21266,90573,4
21266,90578,4
17434,90579,4
7856,90579,4
37311,90580,5
21266,90585,4
21266,90588,2
21266,90610,5
32425,90614,5
32425,90614,5
32425,90614,5
7691,90625,4
21266,90625,4
32425,90662,5
33082,90662,5
21266,90678,4
31416,90698,4
4211,90698,5
21266,90706,2
21266,90719,4
21266,90720,5
400423,90732,4
23224,90739,5
23224,90739,4
4921,90739,4
21266,90741,5
24104,90742,4
21266,90742,3
7666,90743,4
32930,90754,5
38403,90754,5
9333,90754,5
10229,90757,4
37271,90757,5
30527,90757,5
35058,90758,3
38490,90758,4
8150,90758,4
35058,90758,3
34256,90761,5
16963,90780,5
442543,90787,5
21266,90789,5
21266,90799,5
21266,90801,5
21266,90824,3
21266,90829,2
379202,90839,5
35742,90839,5
730539,90841,5
706795,90841,4
551670,90841,5
35742,90841,5
33301,90853,3
647300,90854,3
317085,90857,2
33661,90857,4
732715,90862,4
10004,90863,5
3613,90891,3
9952,90891,4
10676,90891,4
22912,90892,5
33301,90896,3
8676,90899,5
21266,90899,5
877685,90900,5
11397,90900,5
418412,90900,4
379024,90900,5
12348,90900,5
26130,90900,5
10681,90900,5
6569,90900,5
32414,90900,5
21266,90904,5
19873,90916,4
561218,90917,5
707342,90917,4
18869,90917,4
421606,90917,5
34403,90917,5
26981,90917,4
19873,90917,4
31245,90918,4
31245,90919,3
518037,90922,3
529732,90922,4
23058,90922,4
24505,90922,4
19873,90922,5
35742,90924,3
31245,90927,5
31245,90928,4
31245,90929,4
20907,90932,5
26019,90932,4
31245,90934,4
19873,90937,5
18869,90939,3
18869,90941,3
18869,90943,4
24392,90945,5
18869,90947,4
8991,90951,3
18869,90951,4
26340,90953,4
18869,90953,4
277374,90954,4
18869,90954,3
518037,90955,5
18869,90955,5
14075,90956,4
18869,90956,5
10337,90973,4
21266,90986,5
21266,90988,5
300133,90989,4
21266,90989,5
21266,90990,5
21266,90991,5
21266,90992,5
21266,90994,5
21266,90995,5
21266,90996,5
21266,90997,5
21266,91007,4
21266,91008,4
21266,91012,3
21266,91013,3
37624,91025,5
21266,91029,5
21266,91037,4
3214,91111,4
518037,91118,4
29167,91118,5
10004,91127,5
35742,91128,3
35742,91130,3
35742,91133,4
32414,91136,5
34230,91136,5
299637,91154,4
19873,91158,3
19873,91161,4
19873,91163,3
354623,91187,4
10004,91210,5
22571,91219,4
21266,91219,4
21266,91220,3
23313,91229,4
10004,91233,5
10004,91236,4
10004,91239,4
35908,91243,4
35742,91243,5
14630,91244,4
35742,91244,4
35742,91245,3
35742,91246,3
35742,91247,3
28799,91249,5
7691,91254,2
21266,91254,3
7691,91258,4
32501,91273,5
25411,91274,4
222121,91276,4
6288,91276,4
10004,91276,4
19873,91277,5
10004,91283,5
19873,91287,4
482643,91312,5
6795,91312,5
20972,91312,5
30100,91312,5
401227,91321,3
38403,91321,3
7666,91356,4
23325,91363,5
20841,91363,5
28106,91363,4
30385,91363,5
3495,91363,5
19736,91363,4
28975,91363,4
13231,91363,5
38783,91366,4
813553,91370,4
18869,91370,4
17153,91370,5
518037,91372,4
6524,91372,4
12137,91372,4
678799,91378,3
256969,91378,3
335519,91380,4
6305,91380,4
24399,91380,4
654490,91382,4
240464,91382,4
10284,91382,5
20972,91382,5
31150,91382,3
36902,91382,4
10479,91382,5
5215,91382,4
14054,91382,5
7666,91382,4
9267,91385,5
561218,91398,5
561218,91398,5
18869,91398,5
36981,91398,5
36981,91398,5
518037,91399,4
389968,91399,4
21514,91399,4
551317,91400,4
24054,91400,5
31136,91400,4
30048,91401,5
372402,91404,4
527657,91405,4
345080,91417,3
436442,91417,4
21266,91417,2
17686,91421,4
32930,916277,5
8425,925674,5
32930,989115,5
