864544,199783,5
281713,199783,5
11672,199783,5
733404,219400,5
554138,220262,1
222642,223656,4
221809,223656,5
222345,224819,4
222344,224819,4
223182,225575,5
222415,225575,4
222448,225575,4
223182,225748,4
222642,225832,4
222113,225832,5
584248,225879,5
733404,225879,4
666513,225879,5
442583,225879,5
423318,225879,5
272771,225879,5
15302,225879,4
16558,225879,4
356369,225879,4
344908,225879,4
36101,225917,4
238092,225917,5
222423,225917,4
222602,225917,4
222687,225943,4
222147,226374,4
221797,226374,4
221797,226374,4
477470,229472,5
502414,234209,4
551344,235112,4
296762,235116,1
706455,237120,4
239385,237120,4
12358,237120,4
240898,237702,5
240898,237702,4
238886,237767,5
383927,242256,4
345226,242256,5
302602,242746,4
256043,242746,4
299144,242746,3
553059,243091,4
239407,243091,4
215384,243679,1
526304,244810,4
513903,244810,4
343608,246003,4
572432,248337,5
248659,248667,4
36101,249447,4
36101,249452,4
36101,250291,4
10004,250563,5
36101,250682,5
36101,250803,4
32930,250923,5
541439,251700,4
790295,252541,4
32930,254690,5
527004,259505,3
36791,259943,3
36101,260936,5
36101,260965,4
733404,261495,5
16963,261495,5
418353,263070,4
288515,263530,4
271538,263530,5
402293,267144,5
351205,269599,3
20171,269928,4
16963,269959,5
8390,271481,5
8390,272088,5
271433,272088,4
271421,272088,5
237433,272088,5
8390,272091,4
271421,272091,4
271319,272091,4
271433,272091,5
237072,272275,4
270407,272275,4
270407,272277,5
271443,272277,4
8390,272376,4
601166,272383,4
8390,272383,5
271421,272383,4
270407,272440,5
354687,272454,4
354560,272454,4
343056,272454,3
271421,272454,3
237072,272464,4
270407,272464,4
743884,272962,5
800730,273296,4
815299,273314,2
497466,273314,5
314889,273314,4
405279,273999,5
404816,273999,5
379850,273999,4
240871,275419,4
227942,276632,4
21251,279508,4
529776,279790,5
20295,282002,5
12358,283081,5
20295,283081,4
253991,284662,2
16448,284915,4
686256,285454,5
257057,287848,5
405200,288945,5
389151,290451,5
852442,292528,4
379850,292528,4
524866,293122,5
436442,293192,2
313998,293275,5
36101,293776,5
36101,293785,5
4929,293972,2
385150,294124,4
20295,295457,4
300796,296406,5
450753,296408,4
382755,296436,5
260782,296957,5
380125,297914,1
707544,297973,5
316603,299700,5
309632,301154,4
430021,301244,5
32930,305170,5
514395,305544,4
32930,305544,5
199711,305571,3
248449,309524,2
734272,312004,5
679916,312004,4
20171,312004,4
437797,313981,4
197727,315511,3
345226,316533,5
36101,316533,5
864544,316703,4
295849,317905,4
436726,318329,4
727778,322872,4
20171,324355,4
497899,324355,5
442583,324355,5
267309,324355,4
18858,325461,4
9454,327055,4
36101,328327,4
36101,328346,5
36101,328782,5
493983,328836,4
36101,329159,3
36101,329194,4
36101,329275,4
499718,330023,4
23044,330058,3
23735,330058,4
248734,331342,4
569921,331342,5
32930,333723,4
15156,334439,4
840847,334484,4
375811,334484,4
660516,335542,4
611647,335545,4
336573,336539,3
15410,336539,4
299143,336944,4
472649,337353,5
336573,337353,5
335968,337353,4
15410,337353,3
336070,337353,2
299143,337353,3
237814,337353,5
697698,337478,5
336573,337478,5
15410,337478,5
336070,337478,5
237814,337478,4
299143,337478,4
334956,337484,4
237814,337484,5
309632,338156,5
220021,338156,4
897126,339033,5
15357,339033,1
339025,339033,5
336573,339050,5
336976,339050,5
335968,339050,5
15410,339050,4
336070,339050,4
336070,339409,1
518037,339425,3
28799,345428,5
363070,347884,5
18869,348081,4
351205,349291,5
762492,349308,4
404319,349308,4
791324,349872,4
375249,350144,5
36101,350418,5
9454,350602,4
9454,350605,4
432315,350844,4
379769,350844,4
32930,351941,4
22883,354417,4
309632,356764,4
356831,356834,5
605614,357169,5
362492,357169,5
14043,357169,5
450796,357256,5
605614,357471,4
580786,358784,4
638049,360259,4
612395,363275,4
560691,363275,5
421606,363275,3
404050,363275,3
378373,363275,5
488094,364910,4
614319,365576,4
738226,366819,5
482643,366819,5
524384,367403,2
379635,370525,3
368801,371897,5
363292,373790,4
361591,373793,4
364906,373795,4
503901,373799,4
361567,373799,4
789348,374653,5
363292,375094,4
32930,376655,5
504024,376848,4
853037,377756,4
787149,377756,4
747066,377756,4
710964,378558,4
569921,378662,4
397343,379184,1
379812,379477,4
549497,379571,4
518037,384171,3
813763,385396,4
742028,385396,5
643532,385396,4
829002,386133,5
437785,386927,4
804366,388326,3
584251,388326,4
254206,388326,4
20930,393008,4
518037,393299,5
19798,393616,4
450796,394652,4
488094,398720,5
694536,403029,5
431163,403444,4
403119,403869,4
726850,403875,3
402677,404562,5
402677,404566,4
403119,405137,4
777867,405144,4
452485,405144,4
403354,405144,5
402426,405376,4
402339,406311,4
502090,406616,4
418353,406616,5
407559,406616,5
407559,406616,5
513559,407725,4
233870,409519,5
609390,409600,5
403008,409717,3
299637,411921,5
529406,412584,2
511511,413277,2
413260,413279,5
558138,416867,4
408518,417921,4
282842,419903,4
530006,419903,5
28799,422199,5
549497,423148,3
432565,423674,4
450353,424215,4
28641,426488,4
431783,427546,4
36246,428281,5
518037,432444,4
518037,432444,5
637995,433254,5
896613,434098,5
572432,436046,5
476419,436046,4
688004,437858,5
379020,437858,5
502601,441332,4
24560,441708,4
32930,443720,5
537188,444380,4
9553,444713,4
196041,444858,4
240632,445645,3
20171,448238,4
913407,449436,3
32930,452487,5
580786,469005,4
12358,469005,4
511511,469504,4
860966,472570,4
397286,473705,4
253991,474980,5
502007,475026,4
476257,477537,4
476257,477541,4
476257,477552,4
476257,477614,4
476257,477661,4
476257,477676,4
476257,477682,4
476257,477979,4
21039,479390,4
397286,479642,5
32930,479956,4
22883,483099,4
928884,484974,4
790295,484998,4
758780,487744,4
488709,488430,4
687113,488556,4
340598,489186,5
566210,490836,4
491464,491440,5
527004,491799,2
646894,494974,4
913326,495686,4
812239,496938,4
518037,497590,3
501758,501975,4
502295,501975,4
502216,502018,4
501758,502085,4
501414,502085,5
502295,502085,4
502216,502201,5
501457,502218,5
501414,502235,5
502295,502235,4
532562,502250,4
502601,502605,5
501758,503133,4
501414,503133,5
850091,505912,4
254206,505912,5
650657,505912,5
501457,507511,5
502216,507511,4
501414,507662,4
501758,507662,4
502295,507662,4
501994,508226,5
502216,508226,4
501994,508258,5
501457,508258,4
581470,508403,3
501414,508403,5
533450,511968,4
697209,514740,3
676347,514740,4
504689,514740,4
582026,514740,4
26294,514740,3
605614,515075,4
582026,515719,4
399617,515719,5
707450,516251,4
518070,516251,5
518003,516251,5
436726,516251,3
512566,516251,5
518173,516264,4
517520,516264,4
512566,516264,5
517768,516335,4
518067,516335,4
517004,516363,4
517938,516363,3
512566,516990,5
512566,517149,5
516224,517528,5
518173,517528,5
512566,517528,5
517780,517534,4
518499,517534,5
539236,517725,4
512566,517725,5
516330,517775,4
518067,517775,4
517119,517811,5
518499,517811,5
516795,517856,4
512566,517856,5
512566,517988,5
684033,518038,2
516243,518038,5
518070,518038,5
517171,518038,5
512566,518038,5
516243,518091,5
518003,518091,5
517171,518091,5
512566,518091,5
518175,518109,5
517320,518109,4
518071,518109,5
518071,518124,4
518175,518124,4
518175,518124,4
518175,518124,4
518175,518124,4
518071,518429,4
517320,518429,4
516243,518479,5
518070,518479,5
518003,518479,5
512566,518479,5
512566,518599,5
517520,518607,4
512566,518607,5
272095,518672,3
517119,518696,5
733953,519410,5
519702,520820,5
520934,520936,5
32930,522084,4
692648,522084,3
20171,522084,4
516224,523723,5
518173,523723,5
512566,523723,5
692020,524356,5
850091,524356,4
518173,524815,4
517520,524815,4
512566,524815,5
517004,525177,2
517938,525177,5
516531,525703,5
512566,525703,5
516487,525703,4
518070,525923,5
512566,525923,5
516243,525923,5
517768,525942,5
518067,525942,5
719746,526058,5
512566,526091,5
516487,526091,5
517938,526381,5
516356,526381,5
517938,526485,4
516356,526485,4
518070,526586,5
518003,526586,5
512566,526586,5
517171,526644,5
516243,526644,5
512566,526644,5
562442,526663,5
564966,526663,4
515960,526663,4
515956,526663,4
515950,526763,4
515984,526763,5
517004,526804,5
516356,526804,5
515950,526809,4
515961,526809,5
515984,526809,5
518175,526813,5
515954,526825,5
515986,526825,4
515953,526825,5
515953,526898,5
515954,526898,3
515960,526903,4
515957,526903,5
515956,526905,4
515957,526905,5
515984,526912,4
515961,526912,5
515953,526917,5
517768,527035,4
516330,527035,4
518499,527185,5
517119,527185,5
518791,527335,5
516224,527335,5
512566,527335,5
518071,527368,5
517320,527368,4
517320,527379,4
517119,527393,5
517780,527393,4
24763,528702,5
531284,530621,5
532698,531525,4
532625,532239,5
532603,532239,5
532496,532438,5
532380,532438,5
532490,532509,4
532380,532509,4
572432,532575,4
532698,532575,4
532490,532595,4
532496,532595,5
531022,532616,5
532885,532616,5
530760,532621,4
532791,532630,4
532244,532630,5
532625,532630,4
532244,532647,4
532603,532647,4
530760,532650,4
549497,532661,4
530760,532787,4
532606,532848,4
532885,532848,4
532606,532860,5
531022,532860,5
530584,533184,4
533176,533900,4
530584,533900,4
379020,536927,5
379020,537012,5
679916,539692,4
534489,539692,5
532490,542262,4
532380,542262,5
530975,542266,5
531284,542266,5
532244,542319,5
532791,542319,4
532625,542319,4
532490,542378,4
531957,542378,5
532496,542378,4
530975,542379,5
569921,542742,4
532606,542742,4
532885,542742,4
531022,542765,4
532885,542765,4
379020,543031,5
532698,543229,4
531499,543229,4
532740,543362,4
530760,543362,4
532791,543402,4
530760,543528,3
531957,543530,5
532244,543533,3
532603,543533,3
532625,543540,5
532603,543540,5
531957,543746,5
578638,543907,2
530584,543998,4
532606,544898,4
531022,544898,4
692648,545740,4
20171,545740,4
706455,545740,4
629182,546149,4
548608,546559,5
547846,546559,5
547281,546559,5
547848,547039,4
547728,547039,4
547828,547039,4
547413,547256,5
547485,547256,5
547883,547256,5
547846,547285,4
546557,547285,4
547275,547450,5
547485,547450,5
547883,547450,5
547978,547453,5
547990,547453,4
547413,547608,5
547883,547608,5
547275,547608,5
547034,547857,4
547728,547857,4
547828,547857,5
547413,547905,5
547485,547905,5
547275,547905,5
546373,547913,4
547970,547913,4
547848,547920,5
547828,547920,4
547034,547920,5
547978,547981,5
546608,547981,5
547034,547992,5
547848,547992,5
547728,547992,4
547728,547992,4
546557,548038,4
548608,548038,4
547281,548038,5
546557,548650,4
547281,548650,4
547846,548650,4
713852,551787,5
683884,551787,5
547034,552444,5
547848,552444,5
547828,552444,4
558360,552444,5
547848,554351,3
547728,554351,3
547828,554351,4
568805,555350,5
593066,555553,4
638049,555594,3
547413,556428,5
547883,556428,5
547275,556428,5
547413,556551,5
547485,556551,4
547883,556551,4
546373,556607,5
547970,556607,5
548608,557095,5
547846,557095,5
547281,557095,5
637995,557366,1
548608,557366,5
547846,557366,5
546557,557366,5
546373,558130,4
547861,558130,4
548608,558403,4
547281,558403,4
546557,558403,4
558360,558418,5
558360,558495,5
547413,558505,5
547485,558505,5
547275,558505,5
547034,558849,5
547728,558849,5
547828,558849,5
546557,560415,4
547281,560415,4
547846,560415,4
567377,564190,4
562445,564190,4
567949,564725,5
567038,564958,5
566968,564959,5
566859,564959,4
566619,565138,5
562445,565210,4
562442,566109,5
566242,566109,4
512566,566109,5
567924,566134,4
566710,566134,4
562442,566280,5
565206,566280,5
567377,566412,4
567924,566698,5
566132,566698,5
512566,566698,5
566859,566994,4
563850,566994,5
564966,567041,5
566968,567188,5
563850,567188,5
512566,567188,5
566619,567223,5
512566,567226,5
564966,567291,4
566210,567291,4
585080,567359,4
512566,567359,5
567181,567409,5
562445,567416,4
564716,567983,4
566342,569571,4
567949,569571,5
563853,569603,3
567377,569932,4
564185,569932,4
512566,569932,5
709491,570864,3
566968,570938,5
566859,570938,5
512566,570938,5
567229,571388,5
567221,571703,5
566619,571703,5
512566,571703,5
566968,571708,5
512566,571708,5
563850,571708,4
512566,571708,5
567186,571807,5
567181,571807,5
512566,571807,5
567377,571876,5
512566,571876,5
562445,571876,4
569475,573488,5
563853,573488,5
512566,573488,5
567186,573743,5
564257,573743,5
512566,573743,5
512566,573897,5
563850,573897,4
567038,573988,5
566210,573988,5
512566,573988,5
566619,574121,4
512566,574121,5
565120,574121,5
569475,574131,5
563172,574131,4
512566,574131,5
570904,574136,5
562442,574307,5
512566,574307,5
565206,574307,5
567038,574340,4
564966,574340,5
512566,574340,5
512566,574432,5
564185,574432,5
562445,574432,4
642148,574467,4
567221,574467,5
512566,574467,5
566132,574595,5
566710,574595,5
512566,574595,5
567924,574599,3
512566,574599,5
566710,574599,3
567924,574730,5
566132,574730,5
566342,574778,4
564716,574778,5
512566,574778,5
566242,574865,4
565206,574865,5
564257,574947,5
567181,574947,5
512566,574947,5
564966,574982,4
32930,579310,5
402521,585270,5
583962,585294,5
580106,585507,5
686256,585534,4
583941,585619,4
580106,585895,2
586816,586801,4
586850,586801,4
586872,586922,5
586866,587064,4
11397,587153,4
586850,588017,5
18869,589220,4
586618,593874,4
586823,593874,4
596993,594016,5
596446,594016,4
595694,594016,4
586823,594649,4
585416,594649,1
596561,594769,5
594417,594769,4
594509,595311,4
596261,595311,4
595420,595375,4
595816,595375,4
594359,595471,4
594643,595496,5
596425,595548,4
593844,595548,4
586800,595634,4
586850,595634,4
596261,595664,3
594623,595664,3
586877,595676,4
593982,595758,4
596446,595758,4
586618,595815,5
585416,595815,5
9454,595908,2
594509,596294,4
594623,596294,4
586816,596368,5
586850,596368,5
594323,596411,4
596425,596411,5
594835,596427,4
596505,596439,5
594448,596440,4
596519,596440,4
594835,596443,4
595420,596443,4
598554,596443,4
596561,596502,5
594417,596502,4
594417,596513,4
595678,596515,4
596505,596515,4
594448,596521,4
594359,596521,4
593844,596521,4
595678,596896,4
596457,596896,3
596993,597322,4
593982,597322,4
595694,597322,3
586872,597599,4
695588,598097,5
595694,598097,5
596446,598097,4
594835,598538,4
595420,598538,4
595816,598538,4
733953,599001,4
570994,599230,4
913407,600114,4
913407,600114,4
32930,600865,4
32930,601177,4
809012,601414,5
32930,601414,4
596425,602255,3
594323,602255,4
596993,603127,5
593982,603127,4
595694,603127,4
594835,604781,4
598554,604781,4
594835,604839,4
598554,604839,4
595420,604839,4
594448,604887,4
594359,604887,4
596425,604923,5
593844,604923,4
596561,604927,4
594417,604927,4
514395,605148,4
594448,605211,4
596561,605250,4
594323,605320,4
593844,605320,4
698648,605629,3
596993,605629,5
596446,605629,4
593982,605629,4
596261,605880,4
594623,605880,4
594509,606232,3
594623,606232,3
594509,606275,3
596261,606275,3
638611,606652,3
638611,606652,3
684033,606734,3
596993,606734,4
595694,606734,4
596505,606745,4
595678,606745,4
518037,606754,4
595816,606754,4
595420,606754,4
593982,607566,4
595694,607566,4
698441,607828,5
196147,610348,4
196147,610352,4
518037,613285,4
518037,613285,4
446022,617991,5
618880,618113,5
619541,618113,5
619711,618402,5
620819,618402,5
613945,618402,5
618405,618458,3
618790,618468,3
618693,618468,3
618790,618726,3
620819,618793,5
613926,618793,5
619840,618968,4
619858,618968,4
619840,619863,4
618957,619863,4
585700,620026,4
687113,620107,5
618957,620328,4
619858,620328,4
618693,620346,4
618452,620459,4
618405,620459,4
618452,620504,3
618880,620514,4
618111,620514,4
620639,620522,4
665901,620552,4
620503,620658,4
832414,620714,4
584248,621569,5
618433,621569,5
560291,622354,4
618693,630773,2
618790,630773,3
618452,631035,4
620819,631148,4
613945,631148,4
619711,631148,4
618405,631299,2
618693,631517,4
618490,631517,5
618292,632747,3
619431,632747,4
618790,632844,3
618490,632844,5
618292,633102,4
620474,633102,4
666264,633442,5
620819,633442,5
613945,633442,4
613926,633442,4
619541,633448,4
618880,633448,4
619840,633522,4
619858,633522,4
618635,633596,4
620639,633596,4
618405,633660,3
618452,633660,4
618880,633815,5
618111,633815,5
19062,633854,5
624301,634152,4
619728,634152,4
688004,634420,5
687111,634461,4
687111,634487,4
688004,634487,4
379020,634487,5
619840,634543,4
618957,634543,4
618412,634870,4
590890,634870,4
620337,634870,4
619711,635279,4
613926,635279,4
613945,635279,4
619858,635284,4
618957,635284,3
618635,635636,4
620503,635636,4
618412,635675,4
590890,635675,4
618433,635675,5
624301,635826,5
620547,635826,5
619728,635826,4
624301,636055,5
620547,636055,5
620842,636055,4
620639,636056,4
620503,636056,4
618433,636348,5
819823,638114,5
641842,640152,5
640180,640152,4
641457,640367,4
642141,640449,5
640518,640449,5
642141,640521,5
640454,640521,5
640063,640617,5
470397,640617,5
640847,641256,5
641096,641416,4
641388,641577,4
640847,641624,4
640855,641624,4
641860,641756,4
641726,641756,4
734782,641764,4
641777,641764,4
640958,641764,5
640180,641829,3
640143,641829,3
641777,641835,4
641372,641835,4
639966,641877,4
641726,641877,4
641372,642055,4
640958,642055,5
641388,642174,3
641096,642174,3
679102,642495,4
32930,642507,5
646894,647491,4
640063,648019,5
641457,648019,4
641842,648387,4
640143,648387,5
641842,648987,4
640180,648987,4
640063,649181,4
640847,649637,5
640855,649637,4
637049,649851,5
641457,649851,5
639966,650088,3
641726,650088,2
641860,650702,3
641726,650702,3
641372,651135,5
641777,651135,4
641388,651225,4
641372,651287,4
640958,651287,3
640180,651874,5
640143,651874,5
652972,652973,4
652972,653007,4
652972,653019,4
655148,654086,4
654913,654086,5
654913,654925,4
654050,655117,4
512566,655168,5
656504,655440,4
655630,655440,4
809012,655492,5
618897,655737,4
654050,655978,4
655413,656509,2
9454,656908,4
809012,658328,4
777867,658328,4
702388,658328,5
664665,658476,4
9454,659791,4
655148,662321,4
654913,662321,4
512566,662321,5
435344,665151,3
654889,665482,3
654915,665482,3
655284,665500,5
786808,666008,4
655413,666505,4
654694,666916,3
650837,666950,4
654915,666950,4
654915,666950,4
654889,667189,5
654913,667189,4
650837,667950,4
650837,667950,3
654889,667950,4
655343,667950,3
655284,667950,4
667887,668056,4
667887,668085,4
673069,672557,4
673821,672557,4
673906,672889,4
674133,673234,5
673711,673234,4
673896,673353,4
673526,673353,4
673348,673547,5
673896,673547,4
673668,673593,5
674133,673714,4
673227,673714,4
672009,673889,4
673069,673889,4
673668,674098,4
673348,674214,5
673526,674214,4
673711,675480,5
673227,675480,4
32930,676309,4
864544,676730,5
679077,679217,5
673896,679831,5
673348,679831,5
673069,680551,3
673821,680551,4
673824,680592,4
673732,680592,4
673330,680592,4
672330,680592,5
672628,680592,5
672840,680592,4
621603,680592,5
596020,680861,4
550213,681649,4
758930,681756,2
672009,682509,3
673821,682509,4
17153,682691,4
673711,682691,5
673906,682700,4
673408,682700,4
673704,682700,5
673330,682700,4
673782,682733,5
673626,682733,4
673824,682733,4
673704,682733,5
672628,682733,4
621603,682733,4
672009,682767,3
673069,682767,3
673408,682934,3
672492,682934,3
672809,682934,4
673732,682934,3
673330,682934,4
671937,682934,4
672330,682946,3
672628,682946,3
671937,682946,4
673906,683339,4
673626,683339,4
672840,683339,4
621603,683339,4
672330,683339,4
673668,683354,5
672492,683554,4
672628,683580,3
671937,683580,3
673408,683837,4
673824,683837,4
673704,683837,5
672809,683837,4
672330,683837,3
672840,683837,4
673668,684158,4
673711,684283,4
861458,687081,5
692648,687081,3
690862,687081,5
20171,687081,5
687339,691993,4
688004,691993,4
692998,693272,4
694583,694587,5
696684,695595,4
695607,695595,5
696684,696247,4
695593,696247,5
691441,696247,3
696651,696289,5
696588,696289,5
696093,696297,4
695609,696297,4
653189,696533,4
696651,696590,5
696263,696590,4
696267,696598,4
695609,696598,5
695593,696691,5
695607,696691,5
696263,696699,4
696588,696699,5
696480,696834,4
726824,696840,4
701117,699329,4
32930,700127,4
696651,703656,5
696263,703656,4
696684,703755,4
695607,703755,5
704745,703916,4
704472,703916,4
696093,704000,4
695609,704000,4
703598,704046,4
734782,704115,3
705057,704115,4
653189,704361,4
696480,704361,4
687339,704691,4
687339,704695,4
429847,704695,4
688004,704918,4
688004,704928,5
696651,704933,5
696588,704933,5
429847,704936,4
688004,704936,5
704829,705060,3
696684,705220,4
695593,705220,4
695609,705554,4
696267,705554,4
706671,705558,4
705057,705558,5
704124,705558,5
704096,705558,4
696093,705653,5
696267,705653,4
706671,705664,4
705057,705664,5
705552,705664,5
704124,705664,5
696263,705822,4
696588,705822,4
696564,705832,4
696480,705832,4
695593,705956,5
695607,705956,5
653189,705961,4
696564,705961,3
429847,705975,4
705310,706049,4
704472,706060,4
703888,706060,4
687339,706108,4
708844,706112,4
707064,706112,4
706286,706112,4
707064,706193,4
706286,706193,4
704472,706197,5
704472,706197,4
704745,706197,4
703888,706197,5
687358,706235,4
704829,706322,4
706745,706322,5
708844,706322,5
707064,706322,4
703933,706322,4
687339,706725,4
703933,706762,4
708844,706762,5
707064,706762,5
706286,706762,5
704745,706851,4
703888,706851,4
704829,706871,1
706745,707081,4
708844,707081,4
706286,707081,4
687339,707487,4
705310,708845,4
707064,708845,5
706286,708845,4
813553,711303,2
706804,712078,5
704745,712078,4
704472,712078,4
9002,713331,5
706671,713905,4
705057,713905,5
705552,713905,4
705211,713905,4
706671,714108,4
705057,714108,4
705552,714108,4
704124,714108,5
263271,714191,5
706340,714362,4
706727,714362,5
706727,714362,5
704699,714362,3
708844,714364,4
707064,714364,4
706745,714364,4
705211,714364,4
706804,714584,5
704472,714584,4
703888,714584,5
706340,714857,4
705646,714857,4
706727,714857,5
704829,714968,1
706745,714972,5
706745,714972,4
708844,714972,5
703933,714972,4
706745,715240,4
708844,715240,4
704829,715240,3
707064,715240,4
703933,715240,4
706340,715329,5
705646,715329,5
706727,715329,5
704699,715329,4
703933,715417,3
708844,715417,4
707064,715417,4
706286,715417,4
706671,715515,4
705057,715515,5
705552,715515,5
704096,715515,5
705310,715515,4
706671,715806,5
705057,715806,5
704124,715806,5
704096,715806,5
705310,716332,5
706745,716332,3
707064,716332,5
703933,716332,5
13263,721166,5
726405,726285,4
727644,726285,4
726476,726314,5
727830,726323,4
727793,726323,4
696792,726568,4
726824,726568,4
726501,726846,4
696792,726846,4
726240,727081,5
727644,727081,5
727830,727864,4
726405,727888,5
726240,727888,5
726476,728320,4
696792,729340,3
726824,729340,4
794208,730307,5
726603,730377,5
726603,731007,4
726603,731049,4
23801,731719,5
339619,731766,2
726501,733027,4
726824,733027,3
726501,733143,4
696792,733143,3
727830,733426,5
727793,733426,5
738684,734209,2
726405,734235,5
726240,734235,5
727793,735140,4
726240,735259,4
727644,735259,4
727953,739685,4
728971,739685,4
727121,739685,5
728687,739685,5
743004,741942,5
742731,741943,4
742198,741943,4
743214,741954,4
743200,741954,5
741928,742192,4
743369,742192,4
742059,742192,5
742708,742312,4
754218,742312,4
741298,742312,4
741729,742312,4
742708,742426,4
741298,742426,4
741795,742426,3
743004,742681,5
741961,742681,4
743214,742804,4
743200,742804,3
433559,74281,2
743004,743057,5
742059,743057,4
741961,743057,4
741298,743231,4
742708,743294,4
743160,743294,4
741795,743294,5
741729,743294,4
21266,74345,5
742796,743475,4
743200,743475,5
741993,743475,4
3754,74488,5
8905,74488,4
405191,74493,3
297302,74493,5
300884,74493,4
283467,74493,4
282526,74493,3
35044,74493,4
4910,74493,3
15844,74493,4
3921,74493,2
5633,74493,3
12262,74493,4
32368,74493,4
21928,74493,1
15381,74493,4
7859,74493,4
742731,745469,4
741925,745469,4
431380,74651,3
18409,74651,3
6230,74651,4
37476,74651,3
15381,74651,4
37105,74651,3
436131,74652,1
28888,74652,3
291525,74665,5
707074,74665,5
641263,74665,3
425283,74665,5
9883,74665,5
33208,74665,5
20273,74899,3
36686,75030,3
22331,75039,4
742705,751379,4
742325,751421,4
754218,751421,4
741729,751421,4
36101,75261,5
21266,75270,5
743214,752740,4
743200,752740,5
742796,752740,5
701046,75281,5
19783,75281,4
754051,753838,5
743209,753838,4
742137,753838,4
741392,753838,5
539628,75384,4
581470,75384,4
404365,75384,4
5532,75384,4
23907,75384,4
3253,75384,3
743160,753861,4
754218,753861,4
754218,753861,4
743249,753861,4
755190,754084,4
742325,754084,4
741795,754084,4
741380,754084,4
743209,754253,3
741380,754253,4
742731,754280,4
742198,754280,4
743004,754343,5
790295,75441,3
517844,75441,3
375249,75441,3
743160,754434,3
742708,754434,4
754218,754434,4
742137,754434,5
741392,754434,4
741298,754434,4
741729,754434,4
741380,754434,4
522235,75462,5
742325,754769,4
741298,754769,4
754051,754786,5
742325,754786,4
741298,754786,4
754051,755192,5
742137,755192,5
741795,755192,4
741392,755192,5
742180,755197,4
741928,755197,4
18869,75520,4
742705,755282,4
742059,755379,4
741961,755379,4
743369,755422,4
743205,755422,4
741928,755422,4
742059,755422,4
754051,755433,4
741795,755433,4
314647,75544,5
222505,75544,5
742708,755441,3
742325,755441,3
743004,755445,5
742059,755445,4
741961,755445,5
742796,755454,4
743200,755454,4
741993,755454,3
755190,755460,4
742708,755460,4
742705,755460,3
743249,755460,3
741795,755460,3
741298,755460,4
743205,755473,5
742180,755473,5
743249,755514,4
741729,755514,4
743209,755514,4
741392,755514,5
741392,755514,5
270170,75554,4
742705,755707,4
741380,755707,5
741298,755707,4
741729,755712,5
755190,755712,4
742708,755712,4
743160,755712,4
754051,755712,4
754218,755712,4
754218,755712,4
742137,755712,5
741795,755712,4
6893,75614,5
20165,75614,4
22654,75614,5
741993,756569,4
794553,75657,4
743209,756836,3
741380,756836,4
742705,756836,3
741928,757280,5
743205,757280,4
742180,757280,4
741928,757335,5
742180,757335,4
276474,75739,4
22196,75739,5
741729,757462,5
743249,757462,4
28799,75749,5
28799,75757,5
558184,75782,5
347739,75782,5
21150,75782,5
29207,75782,5
27471,75782,5
27471,75782,5
29133,75782,5
36716,75782,4
28551,75782,4
36854,75782,4
873759,75822,4
33923,75853,4
34625,75875,4
34625,75875,4
23859,75889,5
726850,759142,4
728687,759142,4
728907,759985,4
37680,76071,3
35681,76071,5
31509,76071,5
34954,76075,5
28799,76097,5
34633,76107,3
37329,76142,4
922642,761490,5
915358,761509,4
536957,761509,4
27092,76177,3
536957,761953,5
536957,761953,5
29178,76366,2
433474,76383,4
15924,76399,5
314896,76402,5
546384,76427,3
20667,76436,4
850678,764892,5
18869,764892,5
550213,764892,5
510867,76516,5
7691,76516,5
36832,76525,5
692020,765436,5
796273,765436,4
316326,76562,5
316326,76562,5
32930,765968,4
5239,76620,4
734432,76665,4
558070,76665,4
311488,76665,3
226373,76665,5
10125,76665,5
7691,76665,5
18869,76797,5
612374,76797,4
585688,76797,4
449568,76797,5
500807,76797,5
402426,76797,4
15410,76797,5
29916,76797,4
30340,76797,4
32847,76797,5
35898,76797,5
16446,76798,4
26273,76798,4
33300,76799,4
18869,76800,4
8828,76801,3
21254,76823,5
572308,76987,5
239407,76987,4
281718,76987,4
332670,77006,5
767777,77012,5
553059,77012,3
442543,77012,5
309632,77061,3
36342,77221,3
431342,77455,4
433474,77460,5
238885,77515,4
776447,776471,4
32930,777828,4
253991,777991,5
20907,77847,4
707993,77851,4
275056,77878,5
354553,77878,5
14585,77878,5
11454,77878,2
25771,77878,4
20094,77878,5
3268,77973,3
23396,78009,4
28539,78009,4
22912,78009,5
31101,78034,5
32930,781131,4
3150,78143,4
27559,78146,4
3150,78146,4
569921,78161,4
529944,78161,4
18497,78161,4
12664,78161,3
4167,78161,4
19570,78168,4
32425,78170,5
32425,78170,5
32425,78170,5
32425,78170,5
32425,78170,5
32425,78170,5
32425,78170,5
32425,78170,5
31692,78223,4
433231,78252,4
431385,78252,3
283957,78252,4
32944,78303,1
17279,78303,5
268123,783581,1
604209,78394,4
11763,78394,5
727778,78429,4
217372,78429,5
29420,78429,4
27692,78451,4
8210,78472,4
692648,78477,3
28799,78477,5
15243,78477,5
34870,78477,5
17470,78486,5
26019,78486,5
29980,78487,4
585700,78510,4
20171,78540,4
20171,78540,4
20171,78540,4
20379,78540,5
780714,78582,5
17470,78634,4
526304,78643,3
196041,78669,3
32930,78669,4
698431,78761,3
217168,78792,4
38616,78792,5
317242,78809,4
15936,78809,4
32425,78836,5
32425,78836,5
33200,78878,3
33200,78878,3
33432,78878,5
20171,790435,4
28799,79177,5
20171,792386,4
28613,79271,5
20171,79418,4
7691,79418,4
242253,79428,4
898854,79436,4
551317,79443,4
23882,79453,5
24365,794742,4
629182,79495,4
707980,79501,4
225473,79539,5
379584,79573,5
35548,79577,5
576344,79593,3
36033,79606,4
35158,79623,5
35158,79623,5
521334,79630,5
37540,79630,5
518037,79676,3
797524,797568,4
708160,79780,4
431380,79803,4
431841,79812,3
17034,79812,5
241984,79842,5
272843,79861,3
503353,79890,5
336448,79890,4
4575,79890,5
20171,79895,4
405279,79895,4
436206,79919,4
560291,79934,5
502414,79934,4
8294,79934,5
34736,79958,3
34223,79976,4
452485,80027,4
23546,80027,4
19406,80027,4
27919,80030,4
22266,80030,4
726700,80055,4
28641,80104,4
20171,80202,4
626553,80202,4
626553,80202,4
301644,80202,5
284020,80202,3
237816,80202,5
37449,80202,4
435809,80241,5
23189,80257,5
310735,80283,4
844605,80336,4
36101,80336,4
18869,80347,5
12348,80364,5
510867,80397,4
37117,80397,4
28398,80403,5
12311,80426,5
348883,80436,5
357888,80503,3
550840,80591,5
494136,80654,4
643666,80654,5
350858,80654,5
390177,80654,5
378619,80654,5
354623,80654,5
344908,80654,4
34954,80654,5
300133,80654,5
898854,80688,5
873759,80688,5
805481,80688,4
786699,80688,5
699134,80688,4
631187,80688,4
356347,80688,4
281619,80688,4
15302,80688,4
349404,80688,5
36101,80688,4
273866,80688,4
25547,80688,4
296791,80688,5
292443,80688,4
28398,80688,4
225386,80688,4
223159,80688,5
32648,80688,5
29537,80688,4
24429,80688,4
22912,80688,4
26940,80688,4
605253,80710,4
431851,80710,4
344908,80710,1
26048,80710,5
12625,80710,5
28799,80748,5
20861,80754,5
711315,80803,4
702215,80803,4
677235,80803,5
670187,80803,5
585688,80803,5
604317,80803,5
582085,80803,4
574394,80803,4
528003,80803,5
551670,80803,4
449868,80803,5
237867,80803,5
336448,80803,5
217049,80803,4
278188,80803,5
5324,80803,4
412843,80866,4
432305,80956,3
405324,80956,4
398742,80956,5
379828,80956,5
379836,80956,4
348348,80956,5
348369,80956,5
348041,80956,5
347563,80956,4
768846,809840,5
4066,80990,1
537693,81028,4
38783,81028,5
281619,81030,4
28799,81048,5
32930,81056,4
36101,81076,3
36101,81077,5
36101,81078,5
36101,81079,5
8991,81101,5
526304,81317,3
897830,81352,5
679077,81375,4
199711,81486,4
851753,81519,4
367638,81629,5
354002,81629,5
239385,81629,5
517872,82089,3
344603,82089,3
407559,82147,5
36101,82185,3
280407,82388,1
675872,82391,4
16963,82405,5
222417,82418,3
8390,82444,5
697075,82457,5
772628,82457,3
300812,82457,5
34560,82457,4
34560,82457,4
605614,82459,4
16446,82478,4
518037,82518,4
637995,82530,5
574394,82553,4
16926,82694,3
267310,82756,3
258275,82783,4
558205,82799,4
23396,82964,4
36599,82964,5
273866,82964,2
36599,82964,5
36599,82964,5
743029,83093,5
240340,83376,4
584538,83482,4
330050,83503,5
38783,83546,5
38783,83547,5
38783,83548,5
850678,83549,4
38783,83549,5
38783,83551,5
38783,83552,5
38783,83553,5
38783,83554,5
38783,83555,5
38783,83556,5
38783,83557,5
38783,83558,5
38783,83559,5
38783,83560,5
38783,83561,5
38783,83562,5
38783,83563,5
38783,83565,5
38783,83566,5
38783,83567,5
38783,83568,5
38783,83570,5
38783,83571,5
27919,83571,5
38783,83572,5
697698,83572,4
365222,83572,4
38783,83573,5
16963,83573,5
38783,83574,5
38783,83575,5
38783,83576,5
815299,83578,5
467689,83578,4
27919,83578,5
253761,83578,4
18869,83579,4
612380,83580,3
612386,83580,3
612552,83580,3
485062,83581,4
707292,83584,5
253991,83584,5
229332,83740,5
513547,83746,4
551441,83746,4
6570,83746,4
410477,83845,4
20490,83964,5
18819,83964,4
28799,83964,5
27956,83972,4
826527,84002,4
290318,84002,4
612356,84210,5
443149,84210,4
20101,84257,4
423002,84265,5
864383,84326,3
743847,84326,5
698431,84326,2
339823,84326,4
378720,84326,3
237867,84326,3
225579,84326,2
238886,84326,4
36101,84390,5
36101,84392,5
13739,84392,4
734011,84430,5
261716,84459,4
404959,84509,4
297029,84527,4
260384,84562,4
309632,84589,5
197112,84738,5
255158,84754,5
222414,84950,4
309636,84998,4
785471,85010,5
488464,85010,5
20667,85010,5
336494,85072,5
354773,85072,5
337774,85072,5
336791,85072,5
336099,85072,5
313867,85072,4
335909,85072,5
335721,85072,5
337045,85072,4
336724,85072,4
336888,85072,3
335474,85072,4
335416,85072,4
336174,85072,3
336855,85072,4
326325,85072,5
311294,85072,4
311334,85072,4
326194,85072,5
311325,85072,4
325128,85072,5
312286,85072,5
311226,85072,5
310947,85072,3
289786,85072,4
289903,85072,5
290126,85072,5
290345,85072,4
288246,85072,4
289386,85072,4
290349,85072,5
288023,85072,4
289819,85072,4
288335,85072,4
290000,85072,4
288280,85072,4
301382,85072,5
289001,85072,5
288315,85072,5
283195,85072,4
271154,85072,4
271581,85072,5
270332,85072,4
271165,85072,5
272941,85072,5
270276,85072,5
271131,85072,5
269960,85072,4
7691,85072,4
270055,85072,4
7691,85072,3
255667,85072,5
7366,85072,5
262786,85072,4
262471,85072,5
255338,85072,4
236548,85072,5
255076,85072,4
255579,85072,5
255378,85072,5
257752,85072,5
255630,85072,4
261574,85072,5
255905,85072,4
255492,85072,5
256629,85072,4
255033,85072,5
235145,85072,5
235019,85072,5
236569,85072,4
235401,85072,5
236018,85072,5
215708,85072,3
230251,85072,5
200147,85072,4
199927,85072,5
31291,85072,5
230005,85072,5
200127,85072,5
215532,85072,4
200164,85072,5
215520,85072,4
200162,85072,5
200013,85072,5
215521,85072,5
7691,85072,5
199850,85072,5
3273,85072,5
36886,85072,5
36886,85072,5
21068,85072,5
30074,85072,5
16971,85072,5
28445,85072,5
7691,85072,5
32407,85072,5
3075,85072,5
3075,85072,5
3075,85072,5
35625,85072,4
7801,85072,5
22816,85072,5
36067,85072,5
30511,85072,5
10299,85072,5
35767,85072,5
21930,85072,5
26234,85072,5
11296,85072,5
11296,85072,5
11296,85072,5
3813,85072,4
27766,85072,5
15471,85072,5
13637,85072,4
23025,85072,5
734782,85087,5
247154,85087,5
713852,85229,4
27577,85321,5
513903,85322,4
24763,85322,4
757566,85366,5
734272,85366,4
474464,85366,5
574245,85366,4
4161,85366,5
253004,85415,4
251649,85421,4
36101,85421,3
251649,85454,4
36101,85454,3
315126,85727,4
315126,85727,4
13074,85754,4
37786,85803,5
612331,86087,4
323225,86138,4
502193,86185,4
272843,86185,3
9661,86258,5
17214,86320,4
7477,86320,5
16185,86582,5
24495,86589,2
864544,86594,4
379769,86625,5
314916,86625,4
253761,86635,3
405288,86655,5
805169,86931,4
428929,86931,4
32930,869574,5
997098,87020,4
450247,87020,4
345741,87020,5
36101,87020,5
450247,87029,3
850039,87376,5
586473,87376,5
641263,87515,5
379657,87520,5
225579,87573,4
247615,87573,5
240375,87573,4
315630,875848,3
238797,87587,5
21258,87587,1
915358,876171,5
35246,87656,4
13790,87742,3
649401,87764,5
254206,87764,5
442583,87764,5
397554,87764,5
371514,87764,4
23332,87764,4
314153,87764,4
25547,87764,4
249672,87764,4
7854,87764,5
34785,87764,4
30410,87764,4
813284,87766,3
7505,87815,5
7244,87826,4
7505,87826,4
35742,87826,4
35742,87871,5
666843,87888,3
367516,87987,5
23058,88008,5
27919,88008,4
34290,88008,4
34290,88008,4
11015,88010,5
14585,88019,5
24458,88019,5
26711,88019,5
36732,88019,5
35908,88039,4
348037,88041,4
3279,88041,3
7391,88131,5
28799,88195,5
21266,88195,3
217805,88209,4
958291,88212,4
746554,88212,4
676809,88212,4
20667,88212,5
221797,88212,5
30085,88212,5
35728,88212,5
21101,88212,5
220363,88213,3
220363,88213,4
7505,88249,3
18237,88268,4
18341,88268,4
35333,88268,5
21151,88269,5
23735,88294,4
32846,88311,4
19198,88311,5
33456,88322,2
21266,88415,5
9419,88564,3
794112,88588,5
601166,88588,4
418752,88588,4
412842,88588,4
343056,88588,5
315642,88588,4
12918,88588,4
20094,88592,5
7505,88709,4
10641,88713,5
915358,888111,4
238946,88817,5
502414,88912,4
29178,88943,3
36490,88945,3
19936,88990,5
5592,89057,4
36490,89209,4
22527,89247,5
862585,89273,5
864383,89273,4
711315,89273,5
698431,89273,4
423906,89273,4
281701,89273,4
278188,89273,4
34560,89273,5
19917,89291,5
774982,89297,2
7505,89297,3
32368,89312,4
14116,89312,5
383600,89373,4
12578,89373,5
437785,89485,4
309914,89485,5
31495,89485,5
12578,89485,4
28799,89664,5
28799,89664,5
596020,89665,5
354553,89665,4
10154,89665,5
318925,89717,4
20094,89762,5
641263,89767,4
621660,89767,4
440503,89767,4
408117,89767,4
405635,89767,5
405120,89767,3
404848,89767,4
376929,89767,5
348707,89767,4
347904,89767,4
312445,89767,4
282526,89767,4
22127,89767,4
38491,89767,4
30862,89767,5
3114,89767,3
255210,89776,4
8337,89776,5
15901,89924,5
569070,89939,3
314338,89950,4
16651,89950,4
12918,89960,5
35104,90024,5
20907,90024,5
34342,90043,5
31050,90043,5
13183,90043,5
354002,90068,3
30410,90068,4
14108,90116,4
32930,901200,5
21266,90184,5
4197,90225,5
4197,90225,5
16976,90225,5
21266,90269,4
21266,90319,3
21266,90427,5
5597,90456,3
21266,90487,2
10004,90487,3
32929,90491,4
10004,90491,4
20171,90493,2
10004,90493,3
10004,90495,3
10004,90497,4
21266,90518,4
21266,90519,4
12664,90525,2
35908,90525,3
12439,90525,3
7666,90525,4
9401,90525,2
21266,90574,5
21266,90575,5
21266,90576,5
11441,90577,5
18307,90577,4
33907,90577,4
25688,90577,4
21266,90577,5
825219,906078,5
8905,90677,4
21266,90677,5
16666,90691,4
21266,90691,4
345741,90771,5
17733,90771,4
3843,90771,4
7666,90791,3
989709,90820,4
9401,90820,3
7666,90820,3
442543,90843,4
222687,90843,5
16640,90844,4
28799,90847,5
37311,90873,5
713852,90881,2
13885,90881,2
609390,90881,3
397286,90881,5
23332,90881,4
20193,90881,4
29766,90881,5
18019,90881,5
28799,90907,5
28799,90912,5
30410,90914,5
28799,90914,5
35742,90923,4
18869,90963,5
31902,90963,5
25677,90977,1
518037,90981,3
21266,90987,5
21266,90993,5
12918,91131,4
28092,91135,4
15183,91135,5
345080,91178,5
33208,91178,5
826634,91183,5
541439,91183,5
382413,91183,4
379024,91183,5
32414,91183,3
873759,91223,5
36791,91223,3
13885,91223,5
474464,91223,5
551578,91223,4
558070,91223,5
397286,91223,5
412966,91223,5
423318,91223,4
23332,91223,5
344908,91223,2
349404,91223,4
4929,91223,5
34523,91223,4
35350,91223,4
17064,91223,5
9958,91223,5
23230,91223,4
17101,91223,4
27265,91223,5
237939,91235,4
27934,91235,5
10004,91235,4
7062,91237,4
10004,91237,5
10004,91241,5
28799,91250,5
7505,91318,4
3610,91318,5
21266,91333,3
35908,91355,4
26360,91359,4
28799,91408,5
36320,91408,4
36604,91408,5
11015,91412,3
32930,998161,4
32944,78303,1
443451,80654,5
443451,87515,5
1080580,405376,3
1080580,569571,4
1080580,91359,4
1080580,88588,5
1080766,388326,1
1080766,713331,5
1080766,87764,5
1080921,87515,5
1081303,655737,2
1082471,715329,2
1082471,706049,4
1082477,600114,3
1082899,75039,3
1083433,91223,4
1083433,388326,3
1086238,83746,4
1086238,80803,4
1086238,81028,4